# Camera parameter file. 

# The format of each camera is as follows:
# Filename (of the undistorted image in visualize folder)
# Original filename
# Focal Length (of the undistorted image)
# 2-vec Principal Point (image center)
# 3-vec Translation T (as in P = K[R T])
# 3-vec Camera Position C (as in P = K[R -RC])
# 3-vec Axis Angle format of R
# 4-vec Quaternion format of R
# 3x3 Matrix format of R
# [Normalized radial distortion] = [radial distortion] * [focal length]^2
# 3-vec Lat/Lng/Alt from EXIF

# The nubmer of cameras in this reconstruction
36

00000000.jpg
C:\Users\86186\Desktop\VisualSFM_windows_cuda_64bit\最终数据\普通镜头\广角镜头中缺失的sa两组\3+4 SA\1-36\sofa (8).jpg
422.783721924
334.824066162 252.070709229
-0.315189973497 -0.204289416346 0.826517020503
0.345680080237 0.0273631586023 -0.839026464619
0.181355666307 0.0258363996088 0.0766162777296
0.995075727827 0.090528943457 0.0128969885913 0.0382452382973
0.996742341422 -0.0737788073246 0.0325915558195
0.0784488260138 0.980683897184 -0.179179819943
-0.0187423654175 0.181152797257 0.983276577836
0
0 0 0

00000001.jpg
C:\Users\86186\Desktop\VisualSFM_windows_cuda_64bit\最终数据\普通镜头\广角镜头中缺失的sa两组\3+4 SA\1-36\sofa (10).jpg
422.783721924
334.824066162 252.070709229
-1.04700467125 -0.317607275291 0.86451823365
1.11453604114 0.00963986057184 -0.83797454088
0.193726661956 0.0537709321076 0.130998388616
0.992810965433 0.0966311015953 0.0268210082748 0.0653421602962
0.990021868268 -0.124561346566 0.0658846131274
0.134928306423 0.972785879285 -0.188367649456
-0.0406281513492 0.195378019606 0.979886704783
0
0 0 0

00000002.jpg
C:\Users\86186\Desktop\VisualSFM_windows_cuda_64bit\最终数据\普通镜头\广角镜头中缺失的sa两组\3+4 SA\1-36\sofa (9).jpg
422.783721924
334.824066162 252.070709229
-0.60996026901 -0.20458024538 0.647172044333
0.651217908572 0 -0.639258411065
0.191310235044 0.043525033356 0.127802762213
0.993154405901 0.0954367457098 0.0217128348593 0.0637555001462
0.99092753368 -0.122493786559 0.0552976486627
0.130782436924 0.973654103311 -0.186798293556
-0.0309591417578 0.19233540439 0.980841058849
0
0 0 0

00000003.jpg
C:\Users\86186\Desktop\VisualSFM_windows_cuda_64bit\最终数据\普通镜头\广角镜头中缺失的sa两组\3+4 SA\1-36\sofa (7).jpg
422.783721924
334.824066162 252.070709229
-0.0203821199312 -0.144701044466 0.723849333809
0.0425704704766 0.015671554693 -0.737057271417
0.173780684969 0.0242668028872 0.0548734564038
0.995778228371 0.086768030974 0.0121163218164 0.0273981067904
0.998206245517 -0.0524622599387 0.0288848983964
0.0566674930231 0.983441472258 -0.172139439807
-0.0193757794944 0.173467424843 0.984649402618
0
0 0 0

00000004.jpg
C:\Users\86186\Desktop\VisualSFM_windows_cuda_64bit\最终数据\普通镜头\广角镜头中缺失的sa两组\3+4 SA\1-36\sofa (6).jpg
422.783721924
334.824066162 252.070709229
0.329305404417 -0.109192043873 0.646223030145
-0.337245111332 0.0126490196188 -0.651210076738
0.171095293674 -0.0163496624896 0.0441157528758
0.996066716818 0.0854354563583 -0.00816411045629 0.0220289488893
0.998895785967 -0.0452796256227 -0.0124998971822
0.0424895855577 0.984431060391 -0.170558418944
0.0200280976096 0.169839239115 0.985268771053
0
0 0 0

00000005.jpg
C:\Users\86186\Desktop\VisualSFM_windows_cuda_64bit\最终数据\普通镜头\广角镜头中缺失的sa两组\3+4 SA\1-36\sofa (11).jpg
422.783721924
334.824066162 252.070709229
-1.49753690263 -0.422131566667 1.13741104498
1.61425166944 0.0179845472065 -1.0527976986
0.188919986318 0.0808396373054 0.125526044337
0.992760975665 0.0942319502386 0.0403222381513 0.0626115012716
0.988908249689 -0.116717286318 0.091860746787
0.131915734043 0.974400596218 -0.182050378242
-0.0682606311655 0.192148833189 0.978988573303
0
0 0 0

00000006.jpg
C:\Users\86186\Desktop\VisualSFM_windows_cuda_64bit\最终数据\普通镜头\广角镜头中缺失的sa两组\3+4 SA\1-36\sofa (12).jpg
422.783721924
334.824066162 252.070709229
-1.81898645377 -0.504659495789 1.36608169751
2.01621318703 0 -1.16810051558
0.169823969276 0.125015582637 0.149491142175
0.99165939892 0.0846757807806 0.0623339103113 0.0745376476444
0.981117209403 -0.137275677345 0.136251118563
0.158388158095 0.97454768802 -0.158646623555
-0.111004913564 0.177231511933 0.977888556439
0
0 0 0

00000007.jpg
C:\Users\86186\Desktop\VisualSFM_windows_cuda_64bit\最终数据\普通镜头\广角镜头中缺失的sa两组\3+4 SA\1-36\sofa (5).jpg
422.783721924
334.824066162 252.070709229
0.827972411541 -0.0794563232176 0.510050250591
-0.827545518146 0.0266271573825 -0.516199207888
0.15786402811 -0.00270346107372 0.034176277806
0.996739791204 0.0788462171146 -0.00135026124274 0.0170695645634
0.999414123459 -0.0342407147716 2.60208521397e-018
0.0338149421039 0.98698380643 -0.157224483521
0.00538343643663 0.157132164415 0.987562915591
0
0 0 0

00000008.jpg
C:\Users\86186\Desktop\VisualSFM_windows_cuda_64bit\最终数据\普通镜头\广角镜头中缺失的sa两组\3+4 SA\1-36\sofa (4).jpg
422.783721924
334.824066162 252.070709229
1.16680221786 -0.0161885152046 0.40453944969
-1.16967596033 0.0357716745052 -0.394864745823
0.135661007663 -0.0112828014321 0.0631467472204
0.997186575393 0.0677668798896 -0.0056361091712 0.0315437582841
0.997947193899 -0.0636739863418 -0.00696529548291
0.0621460628515 0.988825159099 -0.135508018336
0.015515714129 0.134796873193 0.990751911575
0
0 0 0

00000009.jpg
C:\Users\86186\Desktop\VisualSFM_windows_cuda_64bit\最终数据\普通镜头\广角镜头中缺失的sa两组\3+4 SA\1-36\sofa (32).jpg
422.783721924
334.824066162 252.070709229
1.41221923426 -0.159443407481 1.53959507226
-1.52331070376 0 -1.43863477564
0.129369052747 -0.0756806135095 0.0228288777649
0.997127978954 0.0646225894019 -0.0378040737614 0.0114035092859
0.996880689539 -0.0276274717429 -0.0739171555407
0.0178555609259 0.991387280124 -0.129736176075
0.0768648431229 0.128011791785 0.988788855985
0
0 0 0

00000010.jpg
C:\Users\86186\Desktop\VisualSFM_windows_cuda_64bit\最终数据\普通镜头\广角镜头中缺失的sa两组\3+4 SA\1-36\sofa (33).jpg
422.783721924
334.824066162 252.070709229
1.62985157328 -0.0786273117521 1.33993216879
-1.78559114836 -0.0951004347854 -1.12277883046
0.127353228842 -0.126203542489 -0.0096287878795
0.995972937518 0.0635911148828 -0.0630170435568 -0.00480792958132
0.992012147334 0.00156228147008 -0.126138029927
-0.0175919895239 0.991865981038 -0.126064094889
0.124915050013 0.127276023071 0.983970240698
0
0 0 0

00000011.jpg
C:\Users\86186\Desktop\VisualSFM_windows_cuda_64bit\最终数据\普通镜头\广角镜头中缺失的sa两组\3+4 SA\1-36\sofa (3).jpg
422.783721924
334.824066162 252.070709229
1.64363216491 0.145124746009 0.422978545447
-1.66512777354 -0.0209015509606 -0.3583439144
0.127662333165 -0.032570558278 0.105055604021
0.996452693761 0.0637556724862 -0.0162660182905 0.0524656765763
0.993965737534 -0.106633235839 -0.0257266559454
0.102485023179 0.98636524132 -0.12876589768
0.039106615024 0.125352148686 0.991340904762
0
0 0 0

00000012.jpg
C:\Users\86186\Desktop\VisualSFM_windows_cuda_64bit\最终数据\普通镜头\广角镜头中缺失的sa两组\3+4 SA\1-36\sofa (35).jpg
422.783721924
334.824066162 252.070709229
1.99609745756 0.0370779400079 1.10478219858
-2.15308663763 -0.229143183426 -0.719746244844
0.145041452492 -0.175475339398 -0.0283940534596
0.99342786686 0.0723617845725 -0.0875453774702 -0.0141659114983
0.984270484256 0.0154757975769 -0.175990280381
-0.0408154473905 0.989126631563 -0.141292144979
0.171889789994 0.146252708182 0.9741985908
0
0 0 0

00000013.jpg
C:\Users\86186\Desktop\VisualSFM_windows_cuda_64bit\最终数据\普通镜头\广角镜头中缺失的sa两组\3+4 SA\1-36\sofa (36).jpg
422.783721924
334.824066162 252.070709229
2.03242323697 -0.122558254762 1.00637720026
-2.18984926085 -0.0243776811423 -0.602097062365
0.108798668033 -0.193231040888 -0.0278635893897
0.993762695442 0.0542861851787 -0.096414563317 -0.0139028170169
0.98102247966 0.0171642477326 -0.193135869309
-0.0381001559192 0.99372051269 -0.105214362014
0.190116915978 0.11057598082 0.975514187059
0
0 0 0

00000014.jpg
C:\Users\86186\Desktop\VisualSFM_windows_cuda_64bit\最终数据\普通镜头\广角镜头中缺失的sa两组\3+4 SA\1-36\sofa (2).jpg
422.783721924
334.824066162 252.070709229
2.01251339261 0.283627496777 0.268728390007
-2.04543764195 -0.112970470341 -0.0793248253805
0.126846163102 -0.0807065327253 0.0947679852667
0.996054444485 0.0633396464933 -0.0403001803721 0.0473216575013
0.99227307003 -0.0993749482791 -0.0742877308942
0.0891648408191 0.987497921706 -0.129993726424
0.0862769641984 0.122365219183 0.988726833773
0
0 0 0

00000015.jpg
C:\Users\86186\Desktop\VisualSFM_windows_cuda_64bit\最终数据\普通镜头\广角镜头中缺失的sa两组\3+4 SA\1-36\sofa (34).jpg
422.783721924
334.824066162 252.070709229
1.71586503709 -0.0656509570533 1.16133015041
-1.87048349021 -0.123063389974 -0.885060885683
0.123282441123 -0.151587716656 -0.0345490251068
0.995082758652 0.0615401524822 -0.0756695853236 -0.0172461889448
0.987954045526 0.0250091564774 -0.15271763549
-0.0436363846084 0.991830818787 -0.119865067621
0.148472363349 0.125085111178 0.980973921951
0
0 0 0

00000016.jpg
C:\Users\86186\Desktop\VisualSFM_windows_cuda_64bit\最终数据\普通镜头\广角镜头中缺失的sa两组\3+4 SA\1-36\sofa (1).jpg
422.783721924
334.824066162 252.070709229
2.64812778089 -0.168662604877 0.403985873047
-2.65856736475 0.139706813315 0.341675446124
0.189370359364 -0.289224687932 -0.00858044843786
0.985088853641 0.0942140886557 -0.143892848288 -0.00426887889184
0.95855268595 -0.0187029694698 -0.284298920143
-0.0355238695254 0.982210674011 -0.184389950457
0.282690043725 0.186847043906 0.940836838308
0
0 0 0

00000017.jpg
C:\Users\86186\Desktop\VisualSFM_windows_cuda_64bit\最终数据\普通镜头\广角镜头中缺失的sa两组\3+4 SA\1-36\sofa (13).jpg
422.783721924
334.824066162 252.070709229
-2.25444554159 -0.615247928793 1.52137252718
2.45932157946 0.0303013909571 -1.31394379982
0.169089207718 0.110711900067 0.145197585364
0.992268682395 0.0843266109569 0.0552132182254 0.072411601297
0.983416193426 -0.134391634532 0.121785171524
0.153015422305 0.975291451567 -0.159353171108
-0.0973602176731 0.175345449472 0.979680907254
0
0 0 0

00000018.jpg
C:\Users\86186\Desktop\VisualSFM_windows_cuda_64bit\最终数据\普通镜头\广角镜头中缺失的sa两组\3+4 SA\1-36\sofa (14).jpg
422.783721924
334.824066162 252.070709229
-2.76317793457 -0.759844965415 1.71026911695
3.09051753298 0.022531162444 -1.25925442914
0.144459388538 0.172350769089 0.176910279135
0.989783625032 0.0719835511152 0.0858817174987 0.08815370361
0.969707103733 -0.16214219488 0.182699869002
0.186870174397 0.974094044875 -0.127354679228
-0.157317401678 0.157637881434 0.97488534892
0
0 0 0

00000019.jpg
C:\Users\86186\Desktop\VisualSFM_windows_cuda_64bit\最终数据\普通镜头\广角镜头中缺失的sa两组\3+4 SA\1-36\sofa (15).jpg
422.783721924
334.824066162 252.070709229
-2.76805043661 -1.00620144421 1.52008223952
3.0687713051 0.249689880067 -1.22698151747
0.215153378601 0.145955119932 0.155971034997
0.98853196191 0.107165142848 0.0726983762866 0.0776871753269
0.977359825287 -0.138011012916 0.160380082278
0.169174010449 0.964960885934 -0.200576882367
-0.127078591875 0.223167793263 0.966461047648
0
0 0 0

00000020.jpg
C:\Users\86186\Desktop\VisualSFM_windows_cuda_64bit\最终数据\普通镜头\广角镜头中缺失的sa两组\3+4 SA\1-36\sofa (19).jpg
422.783721924
334.824066162 252.070709229
-2.33718834797 -1.20668796604 1.10412899093
2.51307159292 0.532067904993 -1.24057348593
0.287426121256 0.047262018952 0.13682695304
0.987081815412 0.14309368875 0.0235291649906 0.0681186293904
0.98961221522 -0.127743591741 0.0659450921751
0.141211049707 0.949768265695 -0.279284767075
-0.0269557514009 0.285695945187 0.957941560351
0
0 0 0

00000021.jpg
C:\Users\86186\Desktop\VisualSFM_windows_cuda_64bit\最终数据\普通镜头\广角镜头中缺失的sa两组\3+4 SA\1-36\sofa (18).jpg
422.783721924
334.824066162 252.070709229
-2.27075787311 -1.00852823793 0.95303647908
2.27123663057 0.598002097982 -1.25124933457
0.272693702732 -0.0340083473011 0.0472548322265
0.990296830743 0.135905566574 -0.0169491398661 0.0235509462915
0.99831638035 -0.0512518493037 -0.0271679301911
0.0420378605904 0.961949906852 -0.269971969055
0.0399707877815 0.268375438379 0.962484964717
0
0 0 0

00000022.jpg
C:\Users\86186\Desktop\VisualSFM_windows_cuda_64bit\最终数据\普通镜头\广角镜头中缺失的sa两组\3+4 SA\1-36\sofa (16).jpg
422.783721924
334.824066162 252.070709229
-2.63450666635 -1.21413598655 1.32678433415
2.89764555771 0.464094313001 -1.25035414217
0.224923045857 0.0956636289043 0.164413803162
0.989172758056 0.112055346492 0.0476590606477 0.0819099955329
0.982037989767 -0.151365342942 0.112642932594
0.172727201833 0.961468647921 -0.213876722458
-0.0759292452753 0.229491662121 0.970344343436
0
0 0 0

00000023.jpg
C:\Users\86186\Desktop\VisualSFM_windows_cuda_64bit\最终数据\普通镜头\广角镜头中缺失的sa两组\3+4 SA\1-36\sofa (17).jpg
422.783721924
334.824066162 252.070709229
-2.57372119632 -1.24125835763 1.2614766292
2.79047809214 0.578185324608 -1.27868096763
0.228015227026 0.0709650301709 0.137680388669
0.990517051043 0.113647009042 0.0353702843915 0.0686224537722
0.988079590429 -0.127903990932 0.0856672198327
0.143982851251 0.964749912841 -0.220284129647
-0.0544722593272 0.229993071378 0.971666610357
0
0 0 0

00000024.jpg
C:\Users\86186\Desktop\VisualSFM_windows_cuda_64bit\最终数据\普通镜头\广角镜头中缺失的sa两组\3+4 SA\1-36\sofa (21).jpg
422.783721924
334.824066162 252.070709229
-0.985806053152 -1.37070416588 1.26812900898
0.914486919039 1.1520013569 -1.51505794671
0.158184063363 -0.0492954826732 -0.00202644095877
0.996569970768 0.0790015816595 -0.0246195540628 -0.00101206175564
0.998786278459 -0.00187276938319 -0.0492301298564
-0.00590713080013 0.987515177834 -0.157411362002
0.0489103032344 0.157511053698 0.986305370252
0
0 0 0

00000025.jpg
C:\Users\86186\Desktop\VisualSFM_windows_cuda_64bit\最终数据\普通镜头\广角镜头中缺失的sa两组\3+4 SA\1-36\sofa (24).jpg
422.783721924
334.824066162 252.070709229
-0.514319885635 -1.36123551989 1.37570720533
0.545356285378 1.15372793487 -1.5432293467
0.147173161229 0.0337211052581 -0.0145037080943
0.99712541456 0.0735160567885 0.0168443938311 -0.00724490402326
0.999327438916 0.0169248226999 0.032526762906
-0.0119714890106 0.98908555613 -0.146853486862
-0.0346571298215 0.146365427546 0.9886233744
0
0 0 0

00000026.jpg
C:\Users\86186\Desktop\VisualSFM_windows_cuda_64bit\最终数据\普通镜头\广角镜头中缺失的sa两组\3+4 SA\1-36\sofa (23).jpg
422.783721924
334.824066162 252.070709229
-0.692908047724 -1.36689113362 1.35117906315
0.692976738942 1.16468758727 -1.52888303776
0.14248906841 0.00426932201154 -0.00480267173721
0.997458085389 0.0711841581283 0.00213285199041 -0.00239930086003
0.999979775831 0.00509001613807 0.00391328493182
-0.00448279203039 0.989854086576 -0.142016642883
-0.00459643691928 0.141996213424 0.989856666028
0
0 0 0

00000027.jpg
C:\Users\86186\Desktop\VisualSFM_windows_cuda_64bit\最终数据\普通镜头\广角镜头中缺失的sa两组\3+4 SA\1-36\sofa (26).jpg
422.783721924
334.824066162 252.070709229
-0.209561158309 -1.34886559503 1.44863153271
0.34102295773 1.1287117893 -1.60362149383
0.14385843679 0.0856646630358 0.000338659025366
0.996497743781 0.0718452272552 0.0427823165667 0.000169131788044
0.996339131717 0.00581041789144 0.0852892325233
0.00648457567219 0.989676241313 -0.143172790828
-0.0852406952065 0.143201636617 0.986015640409
0
0 0 0

00000028.jpg
C:\Users\86186\Desktop\VisualSFM_windows_cuda_64bit\最终数据\普通镜头\广角镜头中缺失的sa两组\3+4 SA\1-36\sofa (25).jpg
422.783721924
334.824066162 252.070709229
-0.0603032516766 -1.33781618005 1.44979907333
0.16813115032 1.14019497806 -1.60218423637
0.130455767797 0.0836914003023 -0.0162248928903
0.996965720364 0.0651618973301 0.0418033677315 -0.00810423964051
0.99637351378 0.0216072989497 0.0822968445838
-0.0107112974951 0.991376376755 -0.130605901571
-0.0844092539125 0.129250810077 0.988012699785
0
0 0 0

00000029.jpg
C:\Users\86186\Desktop\VisualSFM_windows_cuda_64bit\最终数据\普通镜头\广角镜头中缺失的sa两组\3+4 SA\1-36\sofa (27).jpg
422.783721924
334.824066162 252.070709229
0.000980821785795 -1.3135100056 1.37775875165
0.0622735175062 1.13244117798 -1.5287991989
0.125103162191 0.0730061595632 -0.0351283800551
0.99722448399 0.0624936994088 0.0364693019011 -0.0175479371219
0.996724252947 0.039556630513 0.0705428838091
-0.030440299653 0.991573402427 -0.125920446828
-0.0749294392701 0.123360541754 0.989529030503
0
0 0 0

00000030.jpg
C:\Users\86186\Desktop\VisualSFM_windows_cuda_64bit\最终数据\普通镜头\广角镜头中缺失的sa两组\3+4 SA\1-36\sofa (28).jpg
422.783721924
334.824066162 252.070709229
0.503624089667 -1.26499584118 1.40657187637
-0.562529734517 0.976083058963 -1.600974121
0.173917716424 -0.00189486069657 -0.0498824520434
0.995910382645 0.0868402830424 -0.000946138453285 -0.0249072167193
0.998757241914 0.049446420588 -0.00621043331143
-0.0497750023462 0.983676996276 -0.172923139192
-0.00244135687525 0.173017418863 0.984915722854
0
0 0 0

00000031.jpg
C:\Users\86186\Desktop\VisualSFM_windows_cuda_64bit\最终数据\普通镜头\广角镜头中缺失的sa两组\3+4 SA\1-36\sofa (29).jpg
422.783721924
334.824066162 252.070709229
0.340348295969 -1.29527708357 1.29135993793
-0.303544818863 1.09570587412 -1.47257622836
0.13487082006 0.0609549060047 -0.0397379558338
0.997065814321 0.0673694411145 0.0304476383319 -0.0198495410227
0.997358073643 0.043685048201 0.0580420778517
-0.0354801469339 0.990134518731 -0.135552276758
-0.0633911193786 0.133134789903 0.98906835998
0
0 0 0

00000032.jpg
C:\Users\86186\Desktop\VisualSFM_windows_cuda_64bit\最终数据\普通镜头\广角镜头中缺失的sa两组\3+4 SA\1-36\sofa (30).jpg
422.783721924
334.824066162 252.070709229
0.904315196714 -0.694480352663 1.44958342663
-0.921956740078 0.430075768055 -1.53831488316
0.154387831644 0.00190127901127 -0.0363608659946
0.9968564272 0.077113010626 0.000949643161888 -0.018161378497
0.999338452611 0.036354999393 -0.000907630173449
-0.036062148133 0.987447340224 -0.153775694079
-0.00469426173135 0.153706706974 0.988105152963
0
0 0 0

00000033.jpg
C:\Users\86186\Desktop\VisualSFM_windows_cuda_64bit\最终数据\普通镜头\广角镜头中缺失的sa两组\3+4 SA\1-36\sofa (31).jpg
422.783721924
334.824066162 252.070709229
1.17442411857 -0.423895983068 1.48017581185
-1.21312190586 0.193660957103 -1.49690043108
0.168456768704 -0.0295972990885 0.0176640251869
0.996306557863 0.0841246612415 -0.0147804257356 0.00882113640458
0.999407467885 -0.0200639114963 -0.0279675047441
0.0150903126944 0.985690430585 -0.167888668178
0.0309358356092 0.167367138513 0.98540913049
0
0 0 0

00000034.jpg
C:\Users\86186\Desktop\VisualSFM_windows_cuda_64bit\最终数据\普通镜头\广角镜头中缺失的sa两组\3+4 SA\1-36\sofa (22).jpg
422.783721924
334.824066162 252.070709229
-1.33261084285 -1.23282622262 1.21158398247
1.21897618462 1.03328419784 -1.48663010865
0.156850009223 -0.0757398022587 -0.0098541246812
0.996197958744 0.078325587695 -0.0378218946444 -0.00492081645833
0.997090525319 0.00387934967623 -0.0761270521771
-0.0157290795683 0.987681837761 -0.155683353398
0.0745853247853 0.156427808919 0.98486912894
0
0 0 0

00000035.jpg
C:\Users\86186\Desktop\VisualSFM_windows_cuda_64bit\最终数据\普通镜头\广角镜头中缺失的sa两组\3+4 SA\1-36\sofa (20).jpg
422.783721924
334.824066162 252.070709229
-1.59679629409 -1.24253674745 1.1366304031
1.4930344238 1.00373933892 -1.46592639296
0.17213532664 -0.08734384669 0.00909940369526
0.995335840348 0.0859338105584 -0.0436040046016 0.00454262613379
0.996156113065 -0.0165369975292 -0.0860205269362
0.00154875687189 0.985189526098 -0.171462167332
0.0875819873144 0.170669838854 0.981428101162
0
0 0 0

