# Camera parameter file. 

# The format of each camera is as follows:
# Filename (of the undistorted image in visualize folder)
# Original filename
# Focal Length (of the undistorted image)
# 2-vec Principal Point (image center)
# 3-vec Translation T (as in P = K[R T])
# 3-vec Camera Position C (as in P = K[R -RC])
# 3-vec Axis Angle format of R
# 4-vec Quaternion format of R
# 3x3 Matrix format of R
# [Normalized radial distortion] = [radial distortion] * [focal length]^2
# 3-vec Lat/Lng/Alt from EXIF

# The nubmer of cameras in this reconstruction
36

00000000.jpg
C:\Users\86186\Desktop\VisualSFM_windows_cuda_64bit\最终数据\3free\1\sofa (25).jpg
394.901672363
338.379547119 210.945449829
0.0448774901788 0.105849252593 0.0211422288926
-0.0388264795572 -0.00790205470696 0.109977610473
1.7079060768 -0.00907859160791 -0.0720353501434
0.65642732705 0.75370948499 -0.00400643846765 -0.0317896442873
0.997948298587 0.0356956090273 -0.0531799362085
-0.0477747558823 -0.138175133227 -0.989256314714
-0.0426601934312 0.989765695703 -0.136185822567
0
0 0 0

00000001.jpg
C:\Users\86186\Desktop\VisualSFM_windows_cuda_64bit\最终数据\3free\1\sofa (26).jpg
394.901672363
338.379547119 210.945449829
-0.758508882035 -0.260620062278 0.0136321119375
0.747514147498 0 -0.290976867503
1.69612812728 0.0183029288213 -0.0844398948015
0.660611164803 0.749756018963 0.00809062170935 -0.0373257882761
0.997082324508 0.0614474038233 -0.0452810505448
-0.0371839260577 -0.12705487125 -0.991197601171
-0.0666600706704 0.989991186851 -0.124399009009
0
0 0 0

00000002.jpg
C:\Users\86186\Desktop\VisualSFM_windows_cuda_64bit\最终数据\3free\1\sofa (27).jpg
394.901672363
338.379547119 210.945449829
0.141302868993 0.358391775805 -0.0217111516421
-0.117956156755 0.0708037926979 0.36049368742
1.71861437364 -0.0278656012981 -0.0831323552963
0.65211602744 0.757135087607 -0.0122761829551 -0.0366239361638
0.997016891225 0.0291767349639 -0.0714698001024
-0.0663554880775 -0.149188559871 -0.986579545506
-0.0394478174592 0.988380156757 -0.146807078377
0
0 0 0

00000003.jpg
C:\Users\86186\Desktop\VisualSFM_windows_cuda_64bit\最终数据\3free\1\sofa (28).jpg
394.901672363
338.379547119 210.945449829
0.604405548807 -0.458452289663 0.0962803145341
-0.637102411577 -0.154752713954 -0.393580138715
1.70434851791 -0.0602873866623 -0.0630981790434
0.657508047873 0.752462544502 -0.0266166220656 -0.0278575748196
0.997031795127 -0.00342287978172 -0.0769248988282
-0.0766891983342 -0.133950014949 -0.98801806764
-0.00692232596689 0.990982647291 -0.133814448109
0
0 0 0

00000004.jpg
C:\Users\86186\Desktop\VisualSFM_windows_cuda_64bit\最终数据\3free\1\sofa (29).jpg
394.901672363
338.379547119 210.945449829
1.48567525693 0.0126101423798 -0.10711515758
-1.48186392451 0.118259503128 0.0946204962167
1.69926097724 -0.0542109071242 -0.0496805297477
0.659663377074 0.750858559167 -0.023954368493 -0.0219525143487
0.997889579453 -0.00701021953054 -0.0645701898953
-0.0649352985327 -0.128541453063 -0.98957598064
-0.00136291143238 0.991679590739 -0.128725042181
0
0 0 0

00000005.jpg
C:\Users\86186\Desktop\VisualSFM_windows_cuda_64bit\最终数据\3free\1\sofa (24).jpg
394.901672363
338.379547119 210.945449829
-2.00373006937 0.135666571854 -0.161640653395
2.00984292859 0.138688739498 0.0275536124207
1.74771485865 -0.0475436837007 -0.0175856143556
0.6415912602 0.766723914764 -0.0208574522948 -0.00771482316781
0.999011545022 -0.0220839746282 -0.038594626119
-0.041883027102 -0.175851620383 -0.983523540283
0.0149332102906 0.984169910512 -0.176602543979
0
0 0 0

00000006.jpg
C:\Users\86186\Desktop\VisualSFM_windows_cuda_64bit\最终数据\3free\1\sofa (23).jpg
394.901672363
338.379547119 210.945449829
-2.7298374674 0.0972657777315 -0.195485187809
2.73850356156 0 0.0166171979797
1.73735113295 -0.0789266793236 0.0412723006572
0.644966615902 0.763208134265 -0.03467202601 0.0181306789306
0.996938920324 -0.076311104876 -0.0170495993152
-0.0295363743404 -0.165632257373 -0.985744493429
0.0723995978133 0.983230576914 -0.167378920437
0
0 0 0

00000007.jpg
C:\Users\86186\Desktop\VisualSFM_windows_cuda_64bit\最终数据\3free\1\sofa (30).jpg
394.901672363
338.379547119 210.945449829
1.79382000257 0.586198557819 -0.000289283838132
-1.74672822055 -0.0155512393315 0.714225261994
1.62140210605 -0.0349599108326 -0.0790048601154
0.688156429272 0.72453442389 -0.015622071021 -0.035303852508
0.99701925258 0.0259516528654 -0.0726588095511
-0.0712266394604 -0.0523933693671 -0.996081990799
-0.0296570951045 0.998290097316 -0.0503887986184
0
0 0 0

00000008.jpg
C:\Users\86186\Desktop\VisualSFM_windows_cuda_64bit\最终数据\3free\1\sofa (31).jpg
394.901672363
338.379547119 210.945449829
2.2769016872 1.12237677931 0.0165149913464
-2.26221674893 0.0490079152719 1.15076321105
1.62988774177 -0.00964555045598 -0.0108241330423
0.685885081765 0.727680227764 -0.00430635569116 -0.00483254606787
0.999916774546 0.000361949302436 -0.0129400649229
-0.0128963357172 -0.0590868285232 -0.998168304876
-0.00112540442157 0.998251745201 -0.05907656447
0
0 0 0

00000009.jpg
C:\Users\86186\Desktop\VisualSFM_windows_cuda_64bit\最终数据\3free\1\sofa (32).jpg
394.901672363
338.379547119 210.945449829
2.06139124593 1.88429916053 -0.0177821688193
-2.06141575702 0 1.88435452372
1.56676133205 0.00387110549608 -0.00388654939307
0.708528378389 0.705677790044 0.0017435668826 -0.00175052289745
0.999988109584 0.00494179257761 8.67361737988e-019
-1.9388021852e-005 0.00403078538324 -0.99999182934
-0.00494146646376 0.999979131639 0.00403095696299
0
0 0 0

00000010.jpg
C:\Users\86186\Desktop\VisualSFM_windows_cuda_64bit\最终数据\3free\1\sofa (4).jpg
394.901672363
338.379547119 210.945449829
1.88888455566 1.78133593549 -1.5451772015
-2.0507971193 1.39572003729 1.72476503387
1.56557676435 0.0815627437272 -0.0314238687267
0.708089463897 0.705024747062 0.0367300755066 -0.014151081956
0.996901228712 0.0718317085748 0.0320627194761
0.0317507804316 0.0054796452769 -0.999480823938
-0.0719699984216 0.997401556787 0.00318188154158
0
0 0 0

00000011.jpg
C:\Users\86186\Desktop\VisualSFM_windows_cuda_64bit\最终数据\3free\1\sofa (33).jpg
394.901672363
338.379547119 210.945449829
1.88018760142 1.7713431563 -0.285220864149
-1.83141800971 0.216653405845 1.83114018024
1.53023770182 -0.0227077234494 -0.0190723257098
0.721200804594 0.692596374241 -0.0102776757556 -0.00863226910385
0.999640349103 -0.00178527002847 -0.0267819353967
-0.0266876677211 0.0404721936602 -0.998824606627
0.00286713670056 0.999179642821 0.0404098594251
0
0 0 0

00000012.jpg
C:\Users\86186\Desktop\VisualSFM_windows_cuda_64bit\最终数据\3free\1\sofa (35).jpg
394.901672363
338.379547119 210.945449829
2.10624689832 1.58960993366 -0.671366858176
-2.03358118904 0.573447722822 1.7174323691
1.51380554505 -0.0332693322222 -0.0363628196839
0.72669085943 0.686600865019 -0.0150896212246 -0.0164927018079
0.999000701398 0.00324915918986 -0.0445788075456
-0.0446912234144 0.0566145067825 -0.997395097314
-0.000716848281029 0.998391193429 0.0567032125341
0
0 0 0

00000013.jpg
C:\Users\86186\Desktop\VisualSFM_windows_cuda_64bit\最终数据\3free\1\sofa (34).jpg
394.901672363
338.379547119 210.945449829
1.74081410295 1.65181757006 -0.564257186207
-1.64704164644 0.477347942357 1.77107598958
1.50903656474 -0.0484615452893 -0.031754891443
0.728220795337 0.684838153007 -0.0219930490376 -0.0144111559077
0.998617645897 -0.00913445260648 -0.0517701892374
-0.0511124662737 0.061578215392 -0.996793009147
0.0122929934107 0.998060528693 0.061026245757
0
0 0 0

00000014.jpg
C:\Users\86186\Desktop\VisualSFM_windows_cuda_64bit\最终数据\3free\1\sofa (36).jpg
394.901672363
338.379547119 210.945449829
2.30707252165 1.45955927419 -0.844445807855
-2.20532014132 0.809133704625 1.62722180298
1.48846584315 -0.0657062342425 -0.00305003831958
0.735115428969 0.677280842164 -0.0298976116032 -0.0013878266211
0.998208467993 -0.0384576202015 -0.0458363605405
-0.0425384712491 0.0825771501177 -0.99567629566
0.042076421775 0.99584209162 0.0807931575251
0
0 0 0

00000015.jpg
C:\Users\86186\Desktop\VisualSFM_windows_cuda_64bit\最终数据\3free\1\sofa (5).jpg
394.901672363
338.379547119 210.945449829
1.36193690676 1.8107311835 -1.24473316521
-1.41223080977 1.28960481908 1.73939700709
1.61755071059 0.0286434312644 -0.015060270607
0.690267742034 0.723409183688 0.0128100597362 -0.00673533014739
0.999581666733 0.0278323871155 0.00793972812412
0.00923566258469 -0.0467330174979 -0.99886406875
-0.0274297559137 0.998520026414 -0.0469704264638
0
0 0 0

00000016.jpg
C:\Users\86186\Desktop\VisualSFM_windows_cuda_64bit\最终数据\3free\1\sofa (3).jpg
394.901672363
338.379547119 210.945449829
2.72803308516 2.10564060288 -1.82295335354
-3.0380100133 1.48849655329 1.93750476076
1.5484695397 0.134344198396 -0.0249820349799
0.712849292 0.698602263911 0.0606102727475 -0.0112708101429
0.992398876505 0.100753687696 0.0706646635197
0.0686161315732 0.023655359983 -0.997362726029
-0.102159296544 0.994629790843 0.0165622159304
0
0 0 0

00000017.jpg
C:\Users\86186\Desktop\VisualSFM_windows_cuda_64bit\最终数据\3free\1\sofa (6).jpg
394.901672363
338.379547119 210.945449829
0.781771788885 2.12489602189 -0.895000495775
-0.699564507044 1.20279949754 1.99781375293
1.67380408974 -0.0793595871683 0.11469205516
0.667610047353 0.741939986095 -0.0351773850722 0.0508390571706
0.992354450744 -0.120080575289 0.0284696302651
0.0156820861716 -0.106117982404 -0.994230183958
0.12240873312 0.987076173044 -0.103423767032
0
0 0 0

00000018.jpg
C:\Users\86186\Desktop\VisualSFM_windows_cuda_64bit\最终数据\3free\1\sofa (7).jpg
394.901672363
338.379547119 210.945449829
0.273336005001 1.98460920498 -0.786082013789
-0.233158036781 1.01000905993 1.88595611854
1.67043374496 -0.0623400056434 0.108711972722
0.669274876036 0.740932826335 -0.0276513550535 0.0482199724762
0.993819822579 -0.105520236198 0.0344427251893
0.0235694282082 -0.102612812044 -0.994441978316
0.108468154092 0.989108923669 -0.0994915717633
0
0 0 0

00000019.jpg
C:\Users\86186\Desktop\VisualSFM_windows_cuda_64bit\最终数据\3free\1\sofa (8).jpg
394.901672363
338.379547119 210.945449829
-1.1372339694 1.62165627719 -0.711910552853
1.11091110709 0.78157204864 1.60776484991
1.66288899222 -0.0178340535374 0.096701581967
0.672735147858 0.738593092223 -0.00792121952263 0.0429512257176
0.996185350326 -0.0694908125409 0.0527892345252
0.0460883841942 -0.0947295567702 -0.994435474461
0.0741047656723 0.993074657953 -0.0911654769028
0
0 0 0

00000020.jpg
C:\Users\86186\Desktop\VisualSFM_windows_cuda_64bit\最终数据\3free\1\sofa (1).jpg
394.901672363
338.379547119 210.945449829
3.04994762694 1.48089540612 -1.59799427836
-2.8561156435 2.00081550009 1.3741008041
1.65997261871 -0.0886558674552 0.0584187611026
0.673633234951 0.737558502527 -0.0393915466456 0.025956605231
0.995549532087 -0.0930776675902 -0.0147818809099
-0.0231367397897 -0.0893333311351 -0.995732695069
0.0913599390764 0.991642985022 -0.0910892600287
0
0 0 0

00000021.jpg
C:\Users\86186\Desktop\VisualSFM_windows_cuda_64bit\最终数据\3free\1\sofa (2).jpg
394.901672363
338.379547119 210.945449829
2.90619590939 2.00662950463 -2.16557657245
-3.24213385916 1.69788986694 1.94113595635
1.50943787826 0.134255778914 -0.0433153512127
0.726206928452 0.684493195043 0.06088171523 -0.0196424533748
0.991814646769 0.111875232141 0.0615351621863
0.0548172892107 0.062166491096 -0.996558929418
-0.115315731478 0.991775873454 0.0555248738586
0
0 0 0

00000022.jpg
C:\Users\86186\Desktop\VisualSFM_windows_cuda_64bit\最终数据\3free\1\sofa (9).jpg
394.901672363
338.379547119 210.945449829
-2.10137752667 1.65110270939 -0.943603414603
1.98886137325 1.04668958207 1.7266101364
1.69016943743 0.0367857989356 0.116129429704
0.662026398933 0.747541239521 0.016269908285 0.0513626243045
0.994194418032 -0.043682280289 0.0983339754959
0.0923313725431 -0.122912788716 -0.988112740892
0.0552495403244 0.991455398523 -0.11816581778
0
0 0 0

00000023.jpg
C:\Users\86186\Desktop\VisualSFM_windows_cuda_64bit\最终数据\3free\1\sofa (10).jpg
394.901672363
338.379547119 210.945449829
-4.07374438636 1.33995489303 -0.559053988544
3.93092864387 0.777231575309 1.62699844008
1.68885965794 0.0811812361726 0.0649094276348
0.662962328486 0.747238897642 0.0359187793618 0.0287192893289
0.99577011097 0.0156002587093 0.0905459508515
0.0917594864132 -0.118381602743 -0.988719427936
-0.00470523955683 0.992845530129 -0.119312312259
0
0 0 0

00000024.jpg
C:\Users\86186\Desktop\VisualSFM_windows_cuda_64bit\最终数据\3free\1\sofa (12).jpg
394.901672363
338.379547119 210.945449829
-5.91809504665 1.34222263705 0.29090647842
5.7534934744 0.260512882332 1.93376765662
1.67747032257 0.131225168291 0.0295734103842
0.666399033348 0.743209423201 0.0581397955736 0.0131026087186
0.992896528483 0.0689569093128 0.0969646924377
0.10388317245 -0.105064342911 -0.989024286602
-0.0580125218395 0.992071878181 -0.111481498985
0
0 0 0

00000025.jpg
C:\Users\86186\Desktop\VisualSFM_windows_cuda_64bit\最终数据\3free\1\sofa (11).jpg
394.901672363
338.379547119 210.945449829
-5.52285051668 1.25068713748 0.00237565516831
5.3967177006 0.431823395073 1.65983890454
1.68738413951 0.101686803913 0.0251142494321
0.663494986219 0.746743517646 0.0450009928828 0.0111141870573
0.995702731029 0.0524598266219 0.0763149862428
0.0819566561756 -0.115498609259 -0.989920810073
-0.0431167463677 0.991921509726 -0.119301734817
0
0 0 0

00000026.jpg
C:\Users\86186\Desktop\VisualSFM_windows_cuda_64bit\最终数据\3free\1\sofa (21).jpg
394.901672363
338.379547119 210.945449829
-4.60852337067 0.294681986707 -0.313057039375
4.62254538207 -0.178835376949 0.153100595482
1.77950347291 -0.11620989026 0.071808696722
0.627568802914 0.776276991362 -0.0506945141448 0.0313252769066
0.992897176097 -0.11802348262 -0.0149944523034
-0.0393884165035 -0.207174738773 -0.977510348166
0.112262729921 0.971158540629 -0.210352027759
0
0 0 0

00000027.jpg
C:\Users\86186\Desktop\VisualSFM_windows_cuda_64bit\最终数据\3free\1\sofa (22).jpg
394.901672363
338.379547119 210.945449829
-6.15016485859 0.821877201453 -0.526419635009
6.19619139457 -0.235160837942 0.573623907547
1.78274403351 -0.147146267445 0.0906771063282
0.625088283187 0.776911091348 -0.0641256204364 0.0395166374496
0.988652609145 -0.149042606601 -0.0187665028129
-0.0502370583585 -0.210305065452 -0.976344048444
0.141570193135 0.966208032677 -0.21540609658
0
0 0 0

00000028.jpg
C:\Users\86186\Desktop\VisualSFM_windows_cuda_64bit\最终数据\3free\1\sofa (13).jpg
394.901672363
338.379547119 210.945449829
-7.75762598257 0.951184181663 0.61610951463
7.64743962985 -0.0710089555146 1.72532486641
1.66403689307 0.119525278629 0.033378254683
0.671675021893 0.738794342287 0.0530664914815 0.0148191820854
0.993928524407 0.0585030434903 0.0931835151304
0.0983177412968 -0.0920731534363 -0.990886542307
-0.0493902321802 0.994032281815 -0.0972660308301
0
0 0 0

00000029.jpg
C:\Users\86186\Desktop\VisualSFM_windows_cuda_64bit\最终数据\3free\1\sofa (14).jpg
394.901672363
338.379547119 210.945449829
-9.09694046184 0.536890955749 1.3244458765
9.06102631293 -0.100579828171 1.63841169404
1.60911217522 0.195061337274 -0.00922075611599
0.68916590037 0.719325983045 0.0871988232701 -0.00412198077903
0.984758896754 0.131130051528 0.114258965063
0.119767137148 -0.0348935429465 -0.992188794388
-0.126118857138 0.99075096067 -0.0500668008739
0
0 0 0

00000030.jpg
C:\Users\86186\Desktop\VisualSFM_windows_cuda_64bit\最终数据\3free\1\sofa (15).jpg
394.901672363
338.379547119 210.945449829
-8.88368786512 -0.58332159918 0.57688298437
8.91324750811 -0.0506358260411 0.379960242733
1.70052297369 0.13099177415 0.0342494093277
0.657762265975 0.750849391126 0.0578381447265 0.0151224938081
0.992852450067 0.0669615072981 0.0987968888639
0.106749530476 -0.128007204924 -0.986011418433
-0.0533781076766 0.989510169219 -0.134240450981
0
0 0 0

00000031.jpg
C:\Users\86186\Desktop\VisualSFM_windows_cuda_64bit\最终数据\3free\1\sofa (20).jpg
394.901672363
338.379547119 210.945449829
-7.83838437394 0.600389841191 -0.548000072243
7.8665935435 -0.18303469999 0.429234128394
1.80294621399 -0.100702477897 0.0743588793586
0.61875209587 0.783699795352 -0.043773081364 0.0323221170348
0.994078408843 -0.108608675494 -0.00350758485143
-0.0286111648608 -0.230459560743 -0.972661550812
0.104831158495 0.967002012815 -0.232202223528
0
0 0 0

00000032.jpg
C:\Users\86186\Desktop\VisualSFM_windows_cuda_64bit\最终数据\3free\1\sofa (19).jpg
394.901672363
338.379547119 210.945449829
-8.66860070692 -0.517221477759 -0.415918188364
8.68794272524 0.255775248698 0.19833269701
1.90186937714 0.0677152834333 0.0877186381204
0.579608868623 0.813514903704 0.0289648663277 0.0375211990379
0.995506639976 0.00363151288461 0.094624766275
0.0906219917795 -0.326429167891 -0.94086702637
0.0274715926669 0.945214785407 -0.325291709739
0
0 0 0

00000033.jpg
C:\Users\86186\Desktop\VisualSFM_windows_cuda_64bit\最终数据\3free\1\sofa (16).jpg
394.901672363
338.379547119 210.945449829
-8.81268895561 -0.62782252503 -0.0629194363294
8.82513780542 -0.0498336593474 0.419588844044
1.78054157411 0.0874263399237 0.103956753678
0.627188946769 0.776610638388 0.0381323450388 0.0453423396638
0.992980072583 0.00235146486264 0.118259004814
0.116104321894 -0.21035995608 -0.970705317025
0.0225942635231 0.977621116336 -0.209156216704
0
0 0 0

00000034.jpg
C:\Users\86186\Desktop\VisualSFM_windows_cuda_64bit\最终数据\3free\1\sofa (17).jpg
394.901672363
338.379547119 210.945449829
-8.79197120407 -0.445691868533 -0.328789604715
8.80260668742 -0.00476809768009 0.34584307976
1.8068911354 0.0466586752793 0.105668996396
0.617457625635 0.785001671071 0.020270805112 0.0459077678374
0.99496305812 -0.024867022136 0.0971081062572
0.0885173831722 -0.23667032917 -0.96754952567
0.0470426534806 0.971271546086 -0.233277051132
0
0 0 0

00000035.jpg
C:\Users\86186\Desktop\VisualSFM_windows_cuda_64bit\最终数据\3free\1\sofa (18).jpg
394.901672363
338.379547119 210.945449829
-9.96880254129 0.186594149755 -0.558109762856
9.980712905 0.249246389493 0.215765925732
1.88578932856 -0.0175616565622 0.0432552671577
0.587214144432 0.809183707289 -0.00753562773313 0.0185606403156
0.999197530243 -0.0339935370055 0.0211878817226
0.00960274508678 -0.31024556299 -0.950607953685
0.0388879904909 0.950048519772 -0.309670161567
0
0 0 0

