# Bundle file v0.3
32 12824
814.208618164 0 0
0.934796430334 0.352371532879 0.0446131566857
0.0967725099622 -0.131821113844 -0.986539063187
-0.341747083459 0.926529952539 -0.157325630953
-0.042109652183 0.280256621569 0.0807330047524
814.208618164 0 0
0.923367450444 0.377644676831 0.0691143594739
0.170219272527 -0.24134744895 -0.955393297713
-0.344118702869 0.893943955871 -0.287135008376
0.181056228164 -0.648273554902 -0.251508197681
814.208618164 0 0
0.941215263618 0.330934009848 0.0677995274285
0.107511835255 -0.103190739756 -0.988833643667
-0.320242624561 0.937995016895 -0.132704119939
-0.367965620204 0.472357542863 0.325664861959
814.208618164 0 0
0.973642738193 0.22793115182 0.00827639494203
0.0406606986579 -0.137753921857 -0.98963155698
-0.22442749279 0.963883382319 -0.143390836839
-0.606130367193 0.484187978254 0.435846551394
814.208618164 0 0
0.983117978145 0.182946605433 0.00298436964949
0.0247440188821 -0.116772748153 -0.992850429692
-0.181290121417 0.976163404224 -0.119328260877
-0.796993712464 0.563249076202 0.373354036918
814.208618164 0 0
0.964006961004 0.263164642839 0.0378871177273
0.0612668161909 -0.0812076358222 -0.994812064128
-0.258722792021 0.961327207555 -0.0944080565332
-0.195589512547 0.431344939892 0.190194161068
814.208618164 0 0
0.998561567305 0.0494454228781 -0.0207307393056
-0.015990529465 -0.094403287657 -0.99540595911
-0.0511753951176 0.994305571475 -0.0934767627784
-1.41159359034 0.792105940892 0.21138652614
814.208618164 0 0
0.963193136417 0.265866924431 -0.039670457503
0.013751091863 -0.196117305062 -0.980483737264
-0.268458230959 0.943849750117 -0.192554811188
-0.967846411873 -0.502789927395 0.0466440128196
814.208618164 0 0
0.918362484163 0.394758485779 0.0278549907137
0.147650878247 -0.276487495505 -0.949607052688
-0.367164029779 0.876196640151 -0.312202335609
0.137032979472 -0.719407229135 -0.248556456005
814.208618164 0 0
0.955369317755 0.293279200979 0.0354601088229
0.0828883255226 -0.150908579839 -0.985066426978
-0.283548165831 0.944041326558 -0.168482817814
-0.61901200742 -0.63626780367 0.046833979749
814.208618164 0 0
0.999855700813 0.0149322009285 0.00814382447262
0.00972465034876 -0.109054516404 -0.993988096728
-0.0139540684564 0.993923515837 -0.109183958245
-2.32191460107 0.928838868783 0.143891847881
814.208618164 0 0
0.998039633637 0.0565061112382 0.0269059834049
0.0322865756594 -0.0965771971702 -0.994801811851
-0.053613997332 0.993720184923 -0.0982122970413
-2.47049404417 0.92131038305 0.188839692476
814.208618164 0 0
0.994984464296 0.0941815040874 -0.0336967002646
-0.0190315006544 -0.152476046735 -0.988123312339
-0.0982010501571 0.983809171864 -0.149918940674
-2.64393405532 1.09816872573 0.32463493316
814.208618164 0 0
0.995612592612 0.0925320403161 -0.0138884785581
-0.00368028614213 -0.109588889166 -0.993969867772
-0.0934962371813 0.989660636012 -0.10876766075
-2.91686607259 1.0550181136 0.302767151314
814.208618164 0 0
0.999404079128 0.0197734771009 0.0282968279464
0.0305731191522 -0.126334808058 -0.991516594386
-0.0160307298669 0.991790744819 -0.126864003926
-3.50925012942 0.993307217056 0.178055697173
814.208618164 0 0
0.997266631137 0.0282172217929 0.0682873826791
0.0706282203122 -0.0925867014158 -0.99319652176
-0.0217027665386 0.995304643708 -0.0943264735088
-3.82054421747 0.665154169753 0.146803318502
814.208618164 0 0
0.998521355106 -0.0519361890471 0.0160509146497
0.00747552608853 -0.16127337222 -0.986881673983
0.053843246396 0.985542346963 -0.160646667719
-3.99657903852 0.683695292597 -0.141771988848
814.208618164 0 0
0.999368351872 -0.0355423958425 -0.000251116773535
-0.00450970336915 -0.11979054048 -0.992788913029
0.0352558433013 0.992163051698 -0.119875186532
-4.07023215993 0.582558915999 -0.137486770681
814.208618164 0 0
0.997812108559 0.0656115476887 -0.00814969948839
0.00415682917043 -0.185276855816 -0.982677420614
-0.0659849330849 0.980493636712 -0.185144237312
-2.75729412703 0.00774931308577 0.0970676351284
814.208618164 0 0
0.993064435475 0.110668100349 -0.0397010563151
-0.0161715169258 -0.205892463106 -0.978440867897
-0.116456225382 0.972296519819 -0.20267479586
-2.30941044201 -0.111869260323 0.259164637462
814.208618164 0 0
0.999422952948 -0.00720718242625 -0.0331969121621
-0.0338017303342 -0.113772076662 -0.992931463706
0.00337934839115 0.993480534054 -0.113950049575
-1.58871880221 0.914654467295 0.093219738843
814.208618164 0 0
0.985094012924 0.172015507005 -6.93889390391e-018
0.0374557530469 -0.214500376252 -0.976005430696
-0.167888061017 0.961457383455 -0.217746087276
-1.90050635027 -0.247767500455 0.196241280163
814.208618164 0 0
0.950931573587 0.305253315994 -0.0504900510371
0.0137651228674 -0.204764390963 -0.978714227082
-0.30909446268 0.929995745135 -0.198918872095
-1.25689936626 -0.448523986497 0.337693222288
814.208618164 0 0
0.996686140468 0.081153485371 -0.00554086332532
0.00255205073554 -0.0992818643777 -0.995055880145
-0.0813025340794 0.991744441473 -0.0991599838508
-1.16642337543 0.614853814929 0.343793846463
814.208618164 0 0
0.9605249531 0.277791485455 0.014970367019
0.057114135451 -0.144246340102 -0.987892300831
-0.272268530541 0.949750115201 -0.154417991378
-0.143008610694 -0.604852347369 -0.0558259249405
814.208618164 0 0
0.981597655182 0.190315696432 -0.0156821329975
0.0213318659647 -0.190890373881 -0.981379471601
-0.189765576032 0.962985482743 -0.191437418996
-1.64375628694 -0.39811136792 0.245940488962
814.208618164 0 0
0.902765817868 0.428396746762 0.0385982415035
0.124112891029 -0.173519520561 -0.976978339878
-0.411836905713 0.886773313872 -0.209817086394
0.0669703610998 -0.190265920939 -0.0862697069111
814.208618164 0 0
0.997993679832 0.0581886743248 0.0249572887501
0.0359909755772 -0.197073055141 -0.97972794911
-0.0520907159938 0.978660408106 -0.198771929306
-3.07402371385 0.0316487672279 0.106893436568
814.208618164 0 0
0.997674515176 -0.0550734832188 -0.0401567490949
-0.0472473179361 -0.134167228857 -0.989831648673
0.0491257124696 0.989427047182 -0.136457296235
-3.53207384047 0.309827283368 -0.036345252425
814.208618164 0 0
0.999881841665 -0.0148304428858 -0.00407545585672
-0.00616575306664 -0.143757371617 -0.989593913975
0.0140903299394 0.989501689628 -0.143831769173
-3.77680335687 0.387639312407 0.0147781793809
814.208618164 0 0
0.998497300549 0.0533379382964 -0.0125915862044
-0.00605656306737 -0.120954144663 -0.992639473238
-0.054468279337 0.991224021604 -0.120449337816
-1.82060369825 0.923088184421 0.202285772944
814.208618164 0 0
0.914843048796 0.403032252008 0.0250389893456
0.0794829199814 -0.118930678293 -0.989716160818
-0.395909588216 0.90742511242 -0.140837137557
0.0954491555849 0.106759237391 0.0219201496036
1.09642225278 -4.98424346918 1.95517387392
135 145 154
2 2 3367 -140.042510986 -136.062637329 8 1976 -111.2212677 -149.847244263
1.09261942935 -5.33998096317 1.56777060204
212 216 219
19 0 9 -123.002243042 -68.3220367432 1 9 -99.4529266357 -93.4338302612 2 6 -155.650268555 -64.6635284424 5 10 -74.8838806152 -96.1705780029 6 8 -95.1589813232 -43.0829925537 7 4 -203.40423584 -141.789016724 8 14 -128.892669678 -79.5001068115 9 2 -159.058807373 -187.088562012 11 3 -249.935836792 -13.1071929932 19 7 -283.742370605 -84.5952301025 18 8 -301.060272217 -79.3607330322 20 8 -77.4262237549 -10.30418396 21 9 -259.523590088 -87.7779998779 23 9 -83.3667297363 -65.207321167 24 7 -79.892791748 -189.913223267 25 4 -243.441635132 -134.265426636 26 9 -171.122085571 -94.5872955322 30 7 -158.790618896 0.451858520508 31 3 -150.926010132 -107.307571411
0.346238221977 -5.31636812201 1.36882063382
147 146 138
14 0 10 -240.691375732 -52.7060699463 1 11 -208.768371582 -90.9873886108 3 10 -241.202392578 -20.4251861572 4 11 -230.530380249 -27.3546295166 5 15 -191.830062866 -76.1183013916 6 13 -211.451644897 -11.8799285889 8 13 -240.1980896 -74.6965484619 20 14 -190.114425659 22.2920207977 23 14 -201.334594727 -35.0764923096 24 8 -191.958068848 -176.732009888 30 14 -275.293609619 31.2833862305 31 4 -269.325286865 -93.3546600342 2 9 -280.355804443 -47.6215667725 9 3 -278.898620605 -177.907470703
4.74661082879 -6.14945435461 1.08421239756
66 68 63
8 0 12 250.14642334 53.4947814941 1 10 244.525390625 62.7554016113 7 5 217.727416992 -30.9874725342 2 24 247.100097656 64.9977722168 8 16 221.092224121 67.2979278564 9 6 240.869812012 -42.5449371338 26 11 185.839874268 43.7622680664 31 6 213.098815918 15.8310852051
3.60000639065 -6.64804211361 -0.555613854725
138 137 112
3 0 4010 107.81829834 231.699020386 19 3206 69.0646972656 217.638275146 5 4008 172.881011963 200.658691406
1.18928796145 -5.56412173951 0.926141677705
12 17 16
25 0 17 -123.426849365 32.7682037354 1 19 -104.37600708 2.04238891602 2 27 -155.619033813 40.7190284729 3 17 -109.266052246 59.779132843 4 19 -97.9988555908 49.984588623 5 23 -70.9785003662 7.24621582031 6 17 -78.4159545898 57.3043823242 7 7 -190.880065918 -43.6326446533 8 22 -130.638336182 15.8881063461 9 8 -153.950973511 -87.3232955933 10 6 -179.824310303 93.3180541992 11 6 -234.704345703 86.1175689697 18 10 -283.520996094 18.7137908936 19 9 -266.356994629 15.4803009033 20 16 -58.0291137695 87.0200424194 21 11 -247.96572876 12.2329559326 22 4 -283.176483154 -30.7213592529 12 10 -301.474487305 148.944488525 23 19 -66.7859802246 38.3636779785 24 14 -74.1338043213 -91.1678619385 25 5 -228.984771729 -34.0336456299 26 16 -171.843017578 3.34997558594 28 4 -299.707519531 8.32846069336 30 17 -141.167053223 99.36328125 31 11 -148.775588989 -7.11041307449
0.373945758269 -5.39541437568 1.14936845102
41 64 85
15 0 18 -240.312316895 -16.6575775146 1 21 -210.524597168 -56.5527496338 3 23 -236.890808105 17.1950683594 4 34 -225.7159729 9.78758239746 5 26 -189.158981323 -39.2004547119 6 72 -205.061401367 23.4519195557 8 25 -240.639190674 -39.8556671143 9 12 -275.816650391 -141.285995483 2 26 -280.996643066 -11.1989278793 20 79 -183.231903076 56.3712158203 23 64 -195.315933228 1.13674926758 24 21 -188.659561157 -141.065628052 26 18 -288.340179443 -50.4310150146 30 61 -270.260070801 66.1025848389 31 8 -267.249542236 -56.5848808289
1.71843872771 -5.96682150819 -0.0273306309467
63 65 63
6 0 21 -72.902053833 170.354278564 1 26 -63.7690734863 146.862365723 5 31 -15.1670227051 142.065795898 8 30 -84.7417144775 161.653915405 9 19 -98.0166931152 58.1578178406 26 23 -126.308074951 145.478240967
1.41282576463 -5.96399385293 -0.0271516580655
65 68 68
19 0 22 -113.051620483 168.79006958 1 31 -103.096450806 141.822875977 2 29 -143.889450073 180.182617188 5 36 -55.0989685059 141.283950806 6 38 -41.4447937012 191.039291382 7 15 -162.485900879 97.4006195068 8 32 -123.595413208 160.119949341 9 22 -138.583450317 55.3419189453 18 30 -242.271636963 159.028106689 19 29 -223.280883789 158.802886963 21 22 -216.882202148 157.581939697 22 6 -250.745132446 120.751602173 23 40 -34.9782104492 177.617218018 24 29 -58.8970336914 49.725479126 25 16 -196.707305908 112.937088013 26 26 -166.265640259 142.800079346 27 31 -283.86340332 181.810134888 28 45 -247.825805664 148.971221924 31 17 -139.667480469 130.116271973
0.628395846908 -5.8683313657 0.351815488696
87 89 88
16 0 23 -218.717330933 111.333274841 1 14 -200.597900391 74.742767334 2 36 -254.927124023 120.080863953 3 38 -199.195175171 146.202560425 4 44 -184.112930298 135.028594971 5 47 -161.442886353 86.1495819092 6 87 -152.645553589 140.278640747 8 19 -227.18258667 93.4195175171 9 9 -245.219039917 -6.82470703125 10 67 -249.049499512 174.022186279 20 78 -128.535675049 170.213104248 23 82 -147.049407959 124.194107056 24 15 -161.201644897 -9.2745513916 26 14 -271.174316406 81.9126968384 30 62 -215.185913086 183.094009399 31 13 -244.621994019 74.172454834
0.799095972271 -5.88161951987 0.171913735959
83 84 81
14 0 24 -196.377166748 137.591949463 1 25 -181.299545288 104.476882935 4 43 -158.036376953 159.237792969 5 37 -138.110626221 111.10055542 7 14 -249.378646851 69.6851959229 8 28 -205.62538147 122.013885498 9 15 -221.844146729 21.6594104767 20 72 -103.831741333 194.010665894 23 68 -122.297531128 149.929260254 24 28 -139.165634155 18.4435424805 25 9 -288.773284912 85.3079986572 26 22 -249.104858398 110.643875122 30 56 -193.940597534 211.788482666 31 18 -221.200469971 102.35585022
1.98369050013 -6.07053708847 0.787668250343
57 64 58
31 0 27 -37.6473999023 63.4182128906 1 33 -27.7653503418 49.3510551453 2 33 -61.2242431641 71.1519622803 3 27 -7.78643798828 84.3534393311 4 30 5.89352416992 73.0743255615 5 32 19.3157043457 34.0626068115 6 27 34.0562744141 74.3689575195 7 19 -89.9178924561 -7.21293640137 8 42 -51.5625305176 62.4034118652 9 21 -60.8110656738 -42.3396759033 10 22 -57.3756408691 111.881988525 11 28 -109.368942261 106.00100708 12 20 -172.537231445 164.740997314 13 16 -206.271347046 127.431861877 14 21 -220.216247559 141.017822266 16 24 -223.805252075 119.818695068 17 29 -246.320327759 68.5905303955 18 17 -156.353118896 48.7238769531 19 23 -140.878845215 45.5981750488 20 27 54.5747375488 101.916519165 21 26 -131.228515625 47.8806304932 22 10 -168.893997192 6.99913024902 23 36 42.5347900391 60.1071624756 24 30 10.4426269531 -50.0020561218 25 19 -114.825241089 3.41873168945 26 31 -90.1251831055 42.2999572754 27 27 -190.777175903 70.6806488037 28 27 -168.435089111 33.8730773926 29 17 -229.429290771 63.3643188477 30 19 -23.6567993164 116.30758667 31 20 -66.0528564453 25.8858642578
1.9900730594 -6.0319100015 0.516151613738
62 63 60
27 0 29 -36.6719665527 97.7822265625 1 34 -27.6517944336 81.7272338867 2 35 -62.3111877441 107.987960815 3 29 -6.09414672852 121.782211304 4 27 7.03533935547 110.582366943 5 35 19.8756713867 70.038848877 6 28 36.3067626953 111.954818726 7 18 -87.0752410889 25.8209533691 8 41 -50.5207214355 94.5157852173 9 23 -60.036529541 -9.50526428223 10 26 -57.2922058105 149.077178955 11 20 -111.372650146 144.574493408 12 16 -172.960174561 204.902709961 13 21 -206.963699341 165.004714966 16 20 -226.253585815 156.415100098 17 24 -247.686584473 104.801887512 18 22 -156.96812439 84.2601165771 19 20 -139.653594971 80.9949951172 21 24 -131.432846069 83.4147338867 22 12 -167.492797852 41.9780921936 23 34 44.4642944336 97.5589904785 25 18 -113.615036011 38.2519683838 26 30 -88.9317169189 76.6914367676 27 18 -193.216949463 106.714401245 28 29 -167.933288574 70.3351898193 29 20 -231.410858154 99.7298278809 31 19 -64.5309753418 60.5916900635
2.60757658543 -6.07953883904 0.562464421312
67 71 67
27 0 41 33.5492248535 97.9007110596 1 40 40.5058288574 88.0900268555 2 61 15.1988220215 106.454048157 3 48 73.16796875 116.663482666 4 47 87.5086975098 103.821273804 5 53 94.0003356934 67.557434082 6 48 118.159759521 103.514984131 7 30 -11.6246032715 22.1767120361 9 32 14.6086730957 -7.03141784668 10 49 27.3854980469 142.798034668 11 43 -26.4239196777 138.161987305 12 43 -86.1581573486 191.805435181 13 52 -119.821762085 155.047912598 14 48 -135.956344604 173.176635742 18 54 -74.0302429199 78.1999816895 19 57 -55.4814147949 72.8318786621 21 56 -49.4323730469 78.9302062988 22 31 -86.2082824707 36.7380981445 23 62 127.361724854 90.7454223633 17 74 -160.258865356 92.9705352783 24 35 83.5625305176 -15.4217376709 25 49 -32.3868103027 34.6282806396 27 60 -108.30480957 102.261314392 28 60 -83.2740325928 59.3450622559 29 50 -146.860931396 92.6254653931 30 53 57.4308776855 148.83543396 31 25 7.2233581543 61.7240333557
1.88355081242 -5.90248072901 -0.421649009189
57 64 64
3 8 201 -64.7052612305 216.591842651 9 162 -76.7376098633 112.429550171 7 152 -96.7734527588 149.659667969
2.88059672577 -6.04251362696 0.840677223952
67 70 69
5 0 48 69.098236084 64.6914520264 1 53 72.5123596191 58.755355835 2 52 51.1451416016 73.3470458984 8 73 49.6203613281 68.5512695313 26 49 13.2624511719 47.0771789551
2.91067260899 -6.11525072448 0.855775640145
67 70 69
30 0 49 69.098236084 64.6914520264 1 54 72.5123596191 58.755355835 2 53 51.1451416016 73.3470458984 3 68 109.588409424 78.2029876709 4 62 123.655639648 65.3158111572 6 63 156.03237915 62.8970489502 7 35 21.732421875 -12.1542806625 8 74 49.6203613281 68.5512695313 9 48 48.4660644531 -37.9504241943 10 52 66.4552001953 104.052902222 11 49 14.2043457031 99.9956970215 12 50 -46.9311828613 150.102081299 13 60 -79.5704498291 114.718063354 14 54 -94.1550598145 134.996887207 15 46 -137.733734131 77.9312896729 16 51 -102.117401123 112.947845459 17 62 -122.917663574 57.9579467773 19 71 -17.2491455078 33.8520965576 20 57 178.05456543 88.9558181763 21 60 -12.4779968262 45.0947875977 22 44 -50.3777770996 0.831405639648 23 67 165.421234131 51.1132659912 24 42 115.255249023 -47.7067756653 25 54 4.32608032227 -0.962844789028 26 50 13.2624511719 47.0771789551 27 68 -67.051574707 66.0318756104 28 65 -45.7153015137 20.6435241699 29 54 -105.617874146 54.0336303711 30 51 98.71484375 105.51385498 31 34 38.4599304199 27.0840454102
1.93464951597 -6.07039338501 1.57669257557
60 60 54
25 0 52 -38.4436950684 -36.4297943115 1 62 -26.6487731934 -44.5497322083 2 69 -58.8517150879 -33.0040740967 3 69 -12.4855041504 -21.4621734619 4 71 -0.335906982422 -32.6027984619 6 84 23.9587097168 -30.83253479 7 28 -96.9455566406 -104.28666687 8 62 -53.0751647949 -31.1911773682 9 36 -62.9914550781 -139.252609253 10 71 -62.6695556641 5.74476623535 11 61 -112.166442871 0.73307800293 12 65 -179.522476196 57.7849273682 13 67 -210.86706543 20.3824768066 14 60 -220.270263672 34.2180023193 15 50 -260.105407715 -27.210313797 18 68 -160.084197998 -53.2971038818 19 63 -147.2318573 -57.4386444092 20 77 43.8701782227 -3.10063171387 22 34 -175.678253174 -94.9575958252 23 83 35.4696044922 -47.3203544617 24 40 6.31781005859 -145.922409058 25 52 -119.918411255 -97.3056716919 26 51 -89.7750701904 -53.7741546631 27 70 -188.619125366 -31.4771881104 31 37 -67.1373291016 -71.9405975342
3.7967524078 -6.11833425591 0.904663052855
71 76 71
17 0 53 160.781005859 64.3361816406 1 51 160.722290039 68.5012054443 8 75 138.100952148 74.7819824219 9 40 145.752593994 -33.2565155029 12 51 69.455871582 139.251739502 13 57 37.2897644043 106.157165527 14 46 25.5508117676 131.932556152 15 47 -19.3817443848 80.3328094482 17 56 -7.92532348633 53.5919151306 18 57 80.1703796387 34.4932556152 19 60 96.331817627 26.3632659912 21 64 97.9646911621 40.6768951416 26 52 101.811584473 51.5692443848 27 58 48.879486084 63.0467681885 28 49 74.0832519531 8.31567382813 29 44 12.7963867188 46.4693412781 31 39 128.156738281 27.7247619629
3.79376433318 -6.11831100275 0.902203364205
71 76 71
27 0 54 160.781005859 64.3361816406 1 52 160.722290039 68.5012054443 2 74 149.875976563 76.2050476074 4 59 231.533813477 60.6480522156 3 67 214.681091309 74.5223083496 6 43 272.480163574 54.6192054749 8 76 138.100952148 74.7819824219 9 41 145.752593994 -33.2565155029 10 42 185.66217041 98.6704559326 11 45 130.418823242 97.1985168457 12 52 69.455871582 139.251739502 13 58 37.2897644043 106.157165527 14 47 25.5508117676 131.932556152 15 48 -19.3817443848 80.3328094482 16 45 16.7400512695 106.92490387 17 57 -7.92532348633 53.5919151306 18 58 80.1703796387 34.4932556152 19 61 96.331817627 26.3632659912 21 65 97.9646911621 40.6768951416 23 44 282.030273438 44.2981872559 24 39 209.33782959 -45.4893951416 26 53 101.811584473 51.5692443848 27 59 48.879486084 63.0467681885 28 50 74.0832519531 8.31567382813 29 45 12.7963867188 46.4693412781 30 41 214.436035156 98.0002441406 31 40 128.156738281 27.7247619629
4.10280810737 -6.05569246809 1.94448063266
172 182 186
17 0 55 196.493591309 -49.3034820557 1 49 193.86340332 -37.0354766846 2 71 191.076171875 -44.5910186768 3 57 250.929138184 -53.7400054932 4 69 266.721435547 -68.9559173584 5 51 266.223144531 -89.2501983643 8 66 166.685974121 -30.4327545166 9 43 181.21786499 -147.121231079 18 93 112.491333008 -95.4404754639 19 96 124.832611084 -103.545578003 21 82 132.11907959 -83.6139984131 22 63 80.9606628418 -123.358207703 24 44 241.06817627 -160.434677124 25 64 144.03213501 -127.936408997 30 69 250.573059082 -38.6053619385 28 18 111.668884277 -134.418167114 27 34 94.5757141113 -69.2591094971
3.72096425739 -6.16322057103 0.973970050212
58 63 57
3 14 1909 15.4816589355 122.560112 18 1616 69.397277832 26.7129535675 19 1760 84.9286193848 18.1678771973
3.21881108838 -6.14435725409 1.14949755585
67 72 71
2 0 58 100.639129639 31.5972595215 1 67 103.54385376 32.2578125
3.21714058271 -6.14919588941 1.15516806675
67 72 71
31 0 59 100.639129639 31.5972595215 1 68 103.54385376 32.2578125 2 73 85.8424682617 39.0420379639 4 68 159.317626953 29.086807251 5 63 161.103149414 -2.05223083496 6 74 193.099182129 23.834777832 7 39 54.316192627 -45.5283088684 8 83 79.795501709 40.6329612732 9 50 81.9897766113 -67.6766815186 10 64 106.315948486 65.3527832031 11 62 54.6516723633 62.0480041504 12 70 -8.50079345703 109.817977905 13 70 -40.879486084 76.6994018555 14 62 -51.6462097168 96.6295166016 15 54 -94.0252838135 41.7724456787 17 68 -82.2336425781 19.1195526123 16 79 -56.6584777832 70.8469238281 18 80 7.16384887695 0.507080078125 19 80 21.5991516113 -4.46701049805 20 68 215.140380859 48.7878570557 21 74 26.8133544922 6.93089294434 22 48 -15.977722168 -33.950302124 23 74 202.633483887 12.0364074707 24 48 146.861419678 -78.3321990967 25 56 40.6553039551 -35.6208648682 26 64 44.1480407715 17.7035369873 27 72 -26.5017089844 29.9484100342 28 66 -6.22351074219 -20.8665904999 29 61 -64.7696838379 15.2362060547 30 77 140.440917969 63.1454162598 31 50 68.8968811035 -5.49589538574
4.32971338756 -7.91302930454 0.306311458587
110 113 105
2 6 6285 258.904418945 121.340744019 16 7137 78.0173950195 176.06161499
3.46191916757 -6.10184893077 0.889122349637
71 73 69
3 0 62 128.072784424 63.4877929688 1 71 128.915039063 64.2669525146 2 79 114.584381104 73.6364898682
4.51293227263 -4.73572801669 2.84416917253
73 75 70
2 12 3 203.659301758 -169.287185669 26 5 268.74432373 -190.412750244
3.75822253726 -6.07234145312 0.644505824039
124 127 117
27 0 67 158.442626953 94.7510375977 1 60 157.680725098 94.0020751953 4 60 230.652404785 93.9456634521 5 64 225.357971191 63.7585144043 6 60 271.78515625 88.9892120361 7 38 120.301177979 13.1897125244 8 80 137.407684326 101.312705994 9 53 143.36227417 -5.37371826172 10 44 183.248657227 133.305221558 11 60 125.941223145 132.737854004 12 56 67.7846984863 174.395446777 13 65 34.0942077637 141.499465942 14 51 20.1037902832 169.152862549 15 51 -27.1249084473 117.188796997 17 58 -12.7600097656 89.4877853394 18 69 76.6748352051 69.0076293945 21 63 96.1526184082 72.770111084 22 47 53.0139770508 26.8155059814 23 47 281.789855957 78.3526153564 24 54 208.430969238 -18.9918365479 25 44 112.768554688 24.8728313446 26 67 100.016235352 79.1087493896 27 65 44.4392700195 97.6760559082 28 53 72.31640625 44.2115974426 29 46 8.16442871094 82.1905136108 30 58 212.734741211 134.986618042 31 60 125.629821777 54.8023529053
1.94380403117 -5.70081129831 1.8944505394
139 145 147
32 0 77 -17.7809448242 -85.4095993042 1 85 -7.31115722656 -89.72605896 2 77 -38.3421936035 -83.850112915 3 70 2.0283203125 -75.7165679932 4 63 12.0345458984 -86.7827301025 5 69 35.9265136719 -119.451675415 6 61 28.9993286133 -85.9617843628 7 36 -88.6240081787 -156.783706665 8 93 -34.4656677246 -78.2012786865 9 46 -47.6998596191 -191.385620117 10 80 -63.1581115723 -45.0550384521 11 70 -111.779434204 -49.662979126 12 77 -183.605575562 7.8428645134 13 77 -217.454071045 -30.4119720459 14 80 -230.763565063 -15.6396636963 15 63 -271.624572754 -79.0058135986 16 77 -237.634033203 -35.7120513916 17 69 -265.191223145 -86.998664856 18 72 -164.075408936 -107.693984985 19 56 -148.543426514 -113.412857056 20 37 44.7565307617 -57.3796539307 21 61 -128.593658447 -107.135482788 22 38 -168.72593689 -150.044692993 23 53 43.444519043 -103.642868042 24 71 20.3269042969 -195.122329712 25 43 -114.640274048 -152.455734253 26 75 -70.0163574219 -101.317459106 27 62 -193.84022522 -87.2699432373 28 69 -190.470626831 -125.574882507 29 66 -245.052124023 -95.2877655029 30 36 -30.3789978027 -42.3255462646 31 77 -48.9169921875 -120.04045105
3.76222251065 -6.15592213634 1.55177339894
86 89 80
6 18 101 73.2545471191 -45.9449310303 21 132 90.8797607422 -35.9109039307 25 136 103.946868896 -79.9423675537 27 130 45.6007080078 -17.2902984619 28 107 65.3619689941 -77.5067901611 29 127 8.28280639648 -36.6653289795
3.04438824411 -4.6153960098 2.51432804438
91 99 104
10 0 86 187.085174561 -187.253921509 1 119 189.854492188 -188.779006958 2 93 174.90625 -185.240768433 3 84 214.220947266 -200.812469482 4 78 222.359375 -216.124908447 8 137 156.382843018 -181.339920044 20 86 240.160644531 -197.904891968 12 81 -23.2478637695 -123.242866516 26 133 125.119445801 -199.528640747 30 68 156.64630127 -172.792098999
2.27524938915 -6.08400664401 1.21415891107
72 75 69
5 0 90 -0.742401123047 12.3054962158 1 106 8.00100708008 5.72163391113 15 67 -219.857940674 25.2937297821 24 108 44.6458740234 -98.0411605835 26 106 -53.2933349609 -4.77847290039
1.81374972027 -6.04371389905 1.03558170665
54 54 49
13 0 91 -55.6479797363 29.2977905273 1 109 -43.8594055176 15.9728240967 5 92 -0.13330078125 0.270874023438 7 77 -110.429214478 -39.304977417 8 130 -68.874130249 29.2299957275 9 95 -78.1651916504 -75.6268768311 21 105 -151.962677002 14.3008584976 22 75 -190.60949707 -26.6854095459 24 119 -8.64935302734 -81.91065979 25 113 -136.722763062 -29.5713367462 26 119 -105.963439941 9.42413330078 27 120 -210.261306763 36.8892669678 31 102 -83.6169586182 -6.61831665039
0.598613531241 -5.36462865351 1.25943037899
54 75 98
17 0 98 -202.120574951 -30.3443450928 1 113 -174.25567627 -66.1181488037 2 101 -240.025817871 -25.0316009521 3 100 -198.860183716 0.186950683594 4 100 -188.528640747 -7.37913513184 5 125 -152.258239746 -54.0552825928 6 115 -170.647476196 5.31051635742 7 99 -281.08392334 -101.818069458 8 133 -204.031707764 -50.6281890869 9 98 -238.173294067 -153.167953491 10 121 -274.496551514 40.840763092 20 121 -150.643676758 38.3662109375 23 122 -159.762771606 -16.2718963623 24 101 -153.628479004 -154.321884155 26 78 -251.470809937 -62.3157196045 30 147 -235.349273682 48.1944618225 31 45 -231.867584229 -69.7866668701
0.702054734972 -5.40002413487 0.943578802523
173 175 170
17 0 112 -191.09815979 19.8479156494 1 117 -166.516235352 -18.4729766846 2 121 -229.002227783 27.6106872559 3 110 -184.137634277 51.8146057129 4 108 -173.057952881 43.2525787354 5 131 -139.412780762 -3.8468170166 6 119 -153.343307495 53.810459137 7 100 -265.536865234 -54.1744232178 8 134 -194.956832886 -2.75390625 9 107 -226.07989502 -104.37727356 10 129 -258.384460449 89.4645690918 20 135 -132.825927734 85.5886993408 23 138 -143.38494873 33.9982452393 24 127 -140.726119995 -105.951057434 26 120 -240.070953369 -13.138625145 30 133 -218.097564697 96.8196716309 31 104 -217.804199219 -20.0698699951
1.23497303691 -6.00199029758 0.357946641997
54 59 61
26 0 113 -134.743637085 114.162452698 1 107 -121.488098145 88.572845459 2 130 -165.666931152 122.877510071 3 117 -110.390380859 143.98840332 4 113 -96.302520752 132.464767456 5 137 -78.5448150635 87.2417297363 6 124 -67.0202941895 136.012435913 7 80 -187.289291382 46.1893157959 8 120 -145.362335205 104.906890869 9 101 -159.582336426 3.09651184082 10 139 -161.76890564 171.28414917 11 113 -216.505752563 163.938995361 12 129 -281.852325439 232.073638916 18 114 -262.732299805 106.395507813 19 106 -247.691497803 106.107376099 20 142 -44.3533935547 164.764938354 21 117 -237.880126953 102.853866577 22 74 -276.536804199 64.8497161865 23 142 -60.2672424316 121.303627014 24 128 -81.3343658447 -2.12509155273 25 103 -220.28427124 59.1457214355 26 114 -186.458129883 89.1432037354 27 149 -300.476043701 126.881713867 28 133 -268.924468994 95.7658538818 30 164 -127.678222656 178.214797974 31 112 -160.997116089 77.2401580811
2.25167349272 -5.19931241793 2.05484200484
132 140 141
5 0 124 45.0715026855 -118.265670776 1 98 58.401763916 -126.783699036 5 136 98.6316223145 -154.012771606 8 114 28.6939086914 -117.440109253 26 98 -6.64428710938 -135.284835815
0.344619834588 -5.85555983299 -0.233434579513
48 54 59
4 0 127 -269.786651611 197.942016602 1 137 -254.129180908 153.737365723 5 157 -208.301452637 171.211700439 8 145 -280.101623535 175.798553467
0.344619834588 -5.85555983299 -0.233434579513
48 54 59
4 0 128 -269.786651611 197.942016602 1 138 -254.129180908 153.737365723 5 158 -208.301452637 171.211700439 8 146 -280.101623535 175.798553467
0.213420117847 -5.4377862692 1.23968375048
79 78 76
3 3 2823 -263.008361816 2.77058434486 8 2380 -264.750793457 -54.0680389404 4 2902 -250.93637085 -4.40396118164
0.0269715816791 -5.89176064918 0.276635325299
36 40 44
2 0 131 -311.552490234 118.039398193 1 132 -290.79309082 74.5006561279
0.0249904340448 -5.87607129562 0.277989699719
36 40 44
10 0 132 -311.552490234 118.039398193 1 131 -290.79309082 74.5006561279 3 115 -297.454711914 157.365692139 4 107 -279.934509277 146.371063232 5 132 -253.234893799 93.0879211426 6 129 -242.345611572 153.123916626 20 137 -216.291381836 183.642837524 23 143 -239.576843262 135.875778198 24 133 -249.304550171 -4.19071960449 30 157 -307.127685547 194.49520874
0.651708609099 -5.86246033242 -0.209657870458
51 57 61
5 0 135 -222.015914917 194.668060303 1 145 -207.767028809 155.141601563 8 153 -231.927536011 175.402526855 9 136 -248.805908203 73.2687072754 23 173 -146.76789856 207.901702881
0.653486179811 -5.86395406635 -0.208652147128
51 57 61
6 0 136 -222.015914917 194.668060303 1 144 -207.767028809 155.141601563 5 163 -161.656234741 167.661468506 8 154 -231.927536011 175.402526855 9 135 -248.805908203 73.2687072754 23 174 -146.76789856 207.901702881
0.338277236529 -5.88664652004 0.0306466208898
49 56 58
9 0 138 -266.712036133 157.14654541 1 147 -249.472564697 115.737487793 3 135 -248.163833618 195.997756958 4 139 -231.316314697 183.769714355 5 169 -207.05166626 131.356018066 6 163 -196.037734985 188.104507446 8 161 -276.225341797 136.831344604 9 137 -293.701721191 36.0461425781 23 193 -192.584320068 172.162216187
0.338277236529 -5.88664652004 0.0306466208898
49 56 58
9 0 139 -266.712036133 157.14654541 1 148 -249.472564697 115.737487793 3 136 -248.163833618 195.997756958 4 138 -231.316314697 183.769714355 5 168 -207.05166626 131.356018066 6 162 -196.037734985 188.104507446 8 162 -276.225341797 136.831344604 9 138 -293.701721191 36.0461425781 23 192 -192.584320068 172.162216187
1.15529099245 -5.40550269489 1.26088929556
186 158 142
24 0 141 -119.615325928 -21.3283843994 1 172 -97.8392791748 -49.2401275635 2 143 -151.588012695 -14.9593353271 3 123 -109.741989136 4.18263244629 4 115 -99.9790649414 -4.7536315918 5 149 -68.9343261719 -47.4839630127 6 121 -83.9543914795 4.40008544922 7 120 -194.627349854 -95.9339447021 8 170 -126.18800354 -35.5918426514 9 114 -153.514862061 -139.854598999 10 119 -186.393981934 42.1307678223 11 97 -240.442367554 34.6837005615 18 115 -290.790252686 -33.2530975342 19 112 -273.694641113 -37.510055542 20 116 -65.4933166504 36.3863525391 21 127 -251.384246826 -40.7505950928 22 95 -288.289886475 -85.7271270752 23 119 -71.5063323975 -15.1068267822 24 131 -73.8252410889 -143.640090942 25 92 -234.086853027 -85.7477874756 26 121 -167.925338745 -47.6266365051 28 122 -315.6824646 -40.7024078369 30 99 -147.650665283 48.7040100098 31 101 -146.236663818 -59.4177436829
2.06959918585 -4.57139458284 2.42796087978
83 92 96
6 0 147 60.1971435547 -203.52961731 1 182 75.6488952637 -214.557601929 2 144 38.094329834 -203.065750122 3 124 66.1131896973 -205.07081604 4 112 70.2852478027 -216.205764771 6 110 66.3827819824 -213.852981567
0.640417220221 -5.91280472132 0.0517735336847
49 55 58
9 0 148 -220.937194824 155.083892822 1 149 -205.233703613 118.385803223 4 131 -184.134002686 179.375854492 2 151 -258.260803223 165.123291016 3 138 -200.058624268 191.625213623 5 175 -162.162155151 128.807861328 6 144 -151.69039917 183.328521729 8 151 -230.606765747 137.882049561 9 131 -247.382537842 36.6432800293
0.007975665781 -5.74340515609 0.442579135124
142 143 138
9 0 151 -310.720001221 90.2168121338 1 264 -288.942840576 47.5601081848 4 302 -284.033447266 122.620628357 5 116 -250.701171875 67.5107116699 6 328 -248.912216187 131.793228149 20 332 -223.114074707 163.002624512 23 332 -244.675109863 112.66835022 24 223 -250.344512939 -31.2634124756 30 178 -312.143554688 173.49180603
1.75694951398 -4.56107180018 2.15216610531
91 108 119
13 0 154 14.4133300781 -171.163162231 1 157 33.7110595703 -190.204910278 2 167 -12.7698364258 -168.968276978 4 128 18.0225219727 -174.462295532 6 147 12.5866088867 -166.980422974 8 183 1.76205444336 -180.376312256 10 163 -106.89163208 -121.926353455 11 152 -160.343719482 -126.88722229 12 154 -244.749237061 -64.5449981689 13 151 -286.726715088 -104.380226135 20 156 22.8925476074 -132.677658081 27 152 -254.242736816 -185.377044678 30 188 -58.8683166504 -118.051010132
3.02306521643 -6.14560351759 1.52529898942
63 69 74
2 23 295 177.111907959 -37.9573822021 24 354 126.377960205 -123.036514282
2.07707217184 -4.60357379935 2.18415947408
101 118 135
2 18 132 -165.024246216 -209.981521606 21 150 -104.078918457 -211.43296814
1.2676720503 -5.91239469881 -0.167053615203
54 59 64
15 0 164 -133.219543457 189.146438599 1 159 -122.368728638 158.49621582 2 162 -166.681259155 201.238388062 4 130 -92.1933746338 210.483718872 5 187 -75.0266571045 161.649108887 6 136 -62.0629272461 212.883132935 8 178 -144.120788574 175.344802856 9 139 -158.546279907 72.6876220703 18 127 -266.193969727 180.676055908 19 121 -247.388183594 181.886444092 21 140 -240.614959717 177.679000854 23 158 -56.0745544434 198.952301025 25 144 -218.334228516 132.202697754 26 154 -185.960159302 161.534133911 28 136 -271.17199707 169.764480591
3.47539150128 -6.12997932029 1.55267335397
96 99 96
4 9 2283 112.09967041 -110.867050171 20 2307 247.604003906 -6.51281738281 24 2409 174.792633057 -121.480056763 23 2284 237.047668457 -42.1381378174
0.995252839836 -5.37993248673 1.22057374442
29 30 42
20 0 169 -142.518432617 -17.8086395264 1 181 -119.809753418 -49.1647186279 2 174 -176.35697937 -11.4727935791 3 158 -134.937896729 8.92102050781 4 156 -124.878479004 0.503524780273 5 182 -92.0185546875 -43.2460174561 6 178 -108.76776123 10.3269968033 7 140 -218.852264404 -92.68409729 8 199 -148.13192749 -35.068069458 9 148 -177.568023682 -138.803085327 10 188 -212.399459839 46.9584503174 11 132 -266.583770752 39.4047088623 19 138 -299.885803223 -32.7496795654 20 232 -90.2035217285 42.0621490479 21 184 -278.07043457 -37.6461334229 23 203 -96.8534545898 -10.1013641357 24 176 -96.4260253906 -141.769973755 25 155 -259.946075439 -83.2906951904 26 161 -190.879226685 -46.9192047119 30 202 -171.948379517 54.2986488342
1.44726560052 -5.98669214566 0.420447007677
177 176 165
28 0 170 -105.069061279 107.376060486 1 146 -93.3433685303 83.9975738525 2 177 -134.042022705 116.240310669 3 154 -79.2657623291 135.095291138 4 164 -65.5488891602 123.620437622 5 192 -48.8692626953 80.0536804199 6 198 -37.3057250977 127.075057983 7 148 -157.529647827 38.2314758301 8 150 -116.973526001 99.1746063232 9 152 -129.871856689 -2.28733825684 10 323 -131.092575073 165.30947876 11 311 -185.396850586 158.133087158 14 274 -300.177703857 194.945236206 16 280 -298.812103271 171.737548828 19 201 -215.907165527 97.7787475586 20 192 -15.154510498 155.37689209 21 161 -206.886047363 95.1006546021 22 91 -245.101867676 53.9783782959 12 108 -252.667495728 219.782958984 23 162 -30.0549621582 112.130508423 24 147 -53.6962890625 -8.74827575684 25 206 -188.716400146 51.6091651917 26 155 -156.782852173 82.7834777832 27 96 -274.378143311 114.781196594 13 96 -288.51171875 178.564849854 28 90 -245.743774414 82.1416625977 30 177 -97.8453826904 168.802734375 31 121 -131.858276367 69.973526001
1.57032867396 -5.92553515447 -0.165704431368
55 58 63
13 0 172 -92.1478118896 189.434875488 1 174 -83.0800170898 162.72593689 2 175 -123.407577515 201.907196045 4 149 -48.7336730957 209.05506897 5 194 -34.2047119141 161.980056763 6 156 -18.8926696777 211.134140015 7 146 -140.37991333 115.557754517 9 150 -117.49659729 75.2785186768 18 134 -222.194503784 179.945709229 19 135 -202.090744019 179.612243652 21 152 -195.957702637 177.329879761 23 181 -12.6728820801 197.869049072 25 159 -173.93699646 131.523696899
1.06721874545 -5.34531409143 1.46797769156
211 214 214
18 0 174 -128.594802856 -52.6309051514 1 160 -105.001113892 -80.3802642822 2 168 -160.921188354 -47.8402252197 3 170 -122.181259155 -28.5921783447 4 157 -112.850021362 -36.9206695557 5 189 -78.9961853027 -79.0127410889 6 190 -98.5745849609 -26.7976512909 7 91 -206.875946045 -129.736190796 8 176 -134.20803833 -66.6761932373 9 87 -163.055465698 -175.198196411 10 123 -200.571594238 8.09675598145 11 102 -254.211151123 0.594100952148 18 112 -304.829071045 -66.8914642334 19 108 -288.259765625 -72.1525726318 20 148 -80.6147003174 4.81062316895 21 154 -264.638061523 -73.0687713623 22 88 -302.791046143 -121.110458374 23 124 -84.5715026855 -50.7239532471
1.266704749 -5.88979033232 -0.43085102102
56 62 65
13 0 177 -135.349578857 227.196243286 1 162 -125.371658325 195.733963013 5 230 -76.4254760742 198.739456177 7 139 -182.637176514 153.903167725 8 172 -145.95904541 213.586502075 9 144 -160.519348145 109.624923706 18 131 -268.841430664 219.670684814 21 145 -243.341674805 217.217285156 22 113 -274.184692383 180.18989563 25 149 -222.16633606 171.451629639 26 140 -188.421646118 200.080154419 24 172 -76.8112182617 102.647674561 31 159 -160.387390137 188.805084229
1.24601215127 -5.9626305573 0.0878414512295
56 59 64
20 0 179 -134.649719238 152.19921875 1 196 -123.088119507 124.212944031 2 178 -166.772354126 162.532516479 3 156 -109.321426392 184.26701355 4 161 -94.8947753906 171.880157471 5 211 -77.410446167 125.204429626 6 189 -64.955078125 174.835418701 7 151 -185.926010132 82.2644348145 8 208 -145.952697754 140.987701416 9 167 -160.212738037 38.6226196289 10 164 -162.491638184 210.769927979 11 125 -218.22203064 203.14050293 18 148 -265.237060547 143.973297119 19 146 -248.396224976 144.507141113 20 189 -41.7614440918 203.734695435 21 169 -240.049514771 140.777618408 23 208 -58.942565918 160.704803467 25 157 -220.945129395 96.2669296265 26 167 -187.385665894 126.222724915 28 182 -270.389648438 133.17855835
1.55414279903 -5.98013765534 0.093633322152
56 59 65
16 0 182 -93.7296142578 152.692779541 1 188 -83.7790985107 128.402313232 2 182 -123.391326904 163.326644897 3 173 -65.4858093262 182.784118652 4 170 -51.6840209961 170.233123779 5 207 -36.3894348145 125.139823914 6 180 -22.2222595215 172.766342163 7 159 -143.60949707 80.9143829346 9 164 -118.63633728 40.9079742432 8 197 -105.802597046 143.442855835 10 181 -119.324981689 209.678436279 20 200 0.423858642578 201.318450928 21 186 -195.418457031 140.273925781 23 196 -15.5899353027 159.181396484 25 173 -176.189620972 95.4689788818 26 175 -146.408615112 127.847442627
1.87510044755 -5.93172639599 -0.161505932643
54 61 67
16 0 183 -52.218536377 189.327575684 1 176 -44.7303771973 166.481658936 2 179 -80.9163818359 202.139175415 4 162 -5.77917480469 207.17300415 5 208 6.14785766602 161.582275391 6 166 24.0031433105 209.110519409 7 155 -98.474319458 114.104187012 8 193 -64.4405822754 180.472595215 9 155 -76.6578063965 77.1339263916 17 120 -272.023071289 198.618026733 18 140 -178.017211914 178.479125977 19 151 -156.819946289 176.806777954 21 165 -151.369140625 176.50680542 23 186 31.0798950195 196.275848389 25 160 -130.450546265 130.60748291 28 160 -185.733184814 165.432373047
1.86725641807 -5.98057655661 0.105205829813
54 60 63
17 0 190 -53.1479492188 152.628433228 1 184 -44.6961669922 131.512451172 3 177 -21.8680725098 180.978118896 2 192 -80.4561462402 163.660980225 4 174 -7.94400024414 168.351531982 6 171 21.1422729492 170.227020264 7 160 -101.275543213 78.8202056885 9 157 -77.2300415039 42.28125 10 176 -75.8570404053 208.683334351 11 141 -130.732254028 201.957107544 17 179 -269.363616943 160.951324463 18 159 -177.073196411 140.782012939 19 161 -157.482559204 138.616500854 20 195 43.7466125488 198.562911987 21 189 -150.827270508 138.837173462 23 205 28.5377197266 157.057769775 25 175 -130.824920654 93.64868927
3.25054940151 -4.52764231021 2.45990116453
87 99 105
