# Camera parameter file. 

# The format of each camera is as follows:
# Filename (of the undistorted image in visualize folder)
# Original filename
# Focal Length (of the undistorted image)
# 2-vec Principal Point (image center)
# 3-vec Translation T (as in P = K[R T])
# 3-vec Camera Position C (as in P = K[R -RC])
# 3-vec Axis Angle format of R
# 4-vec Quaternion format of R
# 3x3 Matrix format of R
# [Normalized radial distortion] = [radial distortion] * [focal length]^2
# 3-vec Lat/Lng/Alt from EXIF

# The nubmer of cameras in this reconstruction
32

00000000.jpg
C:\Users\86186\Desktop\VisualSFM_windows_cuda_64bit\最终数据\普通镜头\图像\20free\sofa (29).jpg
814.208618164
323.59185791 246.32951355
-0.042109652183 -0.280256621569 -0.0807330047524
0.0398330918051 -0.0230196127158 0.291063832692
-1.40402043603 -0.218069553162 -0.329631293845
0.745644549221 -0.64141453784 -0.099623180738 -0.150589192703
0.934796430334 0.352371532879 0.0446131566857
-0.0967725099622 0.131821113844 0.986539063187
0.341747083459 -0.926529952539 0.157325630953
0
39.9015737761 116.31477413 0

00000001.jpg
C:\Users\86186\Desktop\VisualSFM_windows_cuda_64bit\最终数据\普通镜头\图像\20free\sofa (32).jpg
814.208618164
323.59185791 246.32951355
0.181056228164 0.648273554902 0.251508197681
-0.1433814006 0 -0.704086823945
-1.27469880499 -0.189553153278 -0.377627996294
0.782919202052 -0.590526215456 -0.0878137688646 -0.174942684993
0.923367450444 0.377644676831 0.0691143594739
-0.170219272527 0.24134744895 0.955393297713
0.344118702869 -0.893943955871 0.287135008376
0
39.9015737761 116.31477413 0

00000002.jpg
C:\Users\86186\Desktop\VisualSFM_windows_cuda_64bit\最终数据\普通镜头\图像\20free\sofa (27).jpg
814.208618164
323.59185791 246.32951355
-0.367965620204 -0.472357542863 -0.325664861959
0.399842392116 -0.134956601766 0.535248377938
-1.43353251685 -0.187813994986 -0.326197335911
0.737751672874 -0.652939441349 -0.0855447389734 -0.148575008781
0.941215263618 0.330934009848 0.0677995274285
-0.107511835255 0.103190739756 0.988833643667
0.320242624561 -0.937995016895 0.132704119939
0
39.9015737761 116.31477413 0

00000003.jpg
C:\Users\86186\Desktop\VisualSFM_windows_cuda_64bit\最终数据\普通镜头\图像\20free\sofa (26).jpg
814.208618164
323.59185791 246.32951355
-0.606130367193 -0.484187978254 -0.435846551394
0.668282268455 -0.215250768788 0.546680667121
-1.42109395081 -0.157240168188 -0.19538844893
0.750797492152 -0.650479976198 -0.071973834525 -0.0894355179942
0.973642738193 0.22793115182 0.00827639494203
-0.0406606986579 0.137753921857 0.98963155698
0.22442749279 -0.963883382319 0.143390836839
0
39.9015737761 116.31477413 0

00000004.jpg
C:\Users\86186\Desktop\VisualSFM_windows_cuda_64bit\最终数据\普通镜头\图像\20free\sofa (25).jpg
814.208618164
323.59185791 246.32951355
-0.796993712464 -0.563249076202 -0.373354036918
0.837287793933 -0.152874949973 0.606152297686
-1.44705016042 -0.131038879593 -0.152634149165
0.744852164388 -0.66087403919 -0.0598460205568 -0.0697086731585
0.983117978145 0.182946605433 0.00298436964949
-0.0247440188821 0.116772748153 0.992850429692
0.181290121417 -0.976163404224 0.119328260877
0
39.9015737761 116.31477413 0

00000005.jpg
C:\Users\86186\Desktop\VisualSFM_windows_cuda_64bit\最终数据\普通镜头\图像\20free\sofa (28).jpg
814.208618164
323.59185791 246.32951355
-0.195589512547 -0.431344939892 -0.190194161068
0.21132997222 -0.0963379683156 0.454473613062
-1.47160266536 -0.166134575182 -0.244069635914
0.73137245186 -0.668653593223 -0.0754867351552 -0.110898167618
0.964006961004 0.263164642839 0.0378871177273
-0.0612668161909 0.0812076358222 0.994812064128
0.258722792021 -0.961327207555 0.0944080565332
0
39.9015737761 116.31477413 0

00000006.jpg
C:\Users\86186\Desktop\VisualSFM_windows_cuda_64bit\最终数据\普通镜头\图像\20free\sofa (23).jpg
814.208618164
323.59185791 246.32951355
-1.41159359034 -0.792105940892 -0.21138652614
1.43304744744 -0.0656084204503 0.778962991884
-1.47626814214 -0.0533508168605 -0.0248218862811
0.739331051989 -0.67280804899 -0.0243145929789 -0.0113125552224
0.998561567305 0.0494454228781 -0.0207307393056
0.015990529465 0.094403287657 0.99540595911
0.0511753951176 -0.994305571475 0.0934767627784
0
39.9015737761 116.31477413 0

00000007.jpg
C:\Users\86186\Desktop\VisualSFM_windows_cuda_64bit\最终数据\普通镜头\图像\20free\sofa (4).jpg
814.208618164
323.59185791 246.32951355
-0.967846411873 0.502789927395 -0.0466440128196
0.951658891868 0.114687500437 -0.522390900118
-1.36245714371 -0.218159760525 -0.197973774457
0.766789614671 -0.627399436092 -0.100460635671 -0.091165168041
0.963193136417 0.265866924431 -0.039670457503
-0.013751091863 0.196117305062 0.980483737264
0.268458230959 -0.943849750117 0.192554811188
0
39.9015737761 116.31477413 0

00000008.jpg
C:\Users\86186\Desktop\VisualSFM_windows_cuda_64bit\最终数据\普通镜头\图像\20free\sofa (1).jpg
814.208618164
323.59185791 246.32951355
0.137032979472 0.719407229135 0.248556456005
-0.110885748373 -0.0352178400336 -0.764571316972
-1.2405138265 -0.230538231501 -0.368531577812
0.79168369872 -0.576557183061 -0.107147917664 -0.171283482565
0.918362484163 0.394758485779 0.0278549907137
-0.147650878247 0.276487495505 0.949607052688
0.367164029779 -0.876196640151 0.312202335609
0
39.9015737761 116.31477413 0

00000009.jpg
C:\Users\86186\Desktop\VisualSFM_windows_cuda_64bit\最终数据\普通镜头\图像\20free\sofa (3).jpg
814.208618164
323.59185791 246.32951355
-0.61901200742 0.63626780367 -0.046833979749
0.657403550247 0.0413116922273 -0.596925239657
-1.395417363 -0.179454144886 -0.272100247857
0.754115494372 -0.639526626867 -0.0822447154512 -0.124704879196
0.955369317755 0.293279200979 0.0354601088229
-0.0828883255226 0.150908579839 0.985066426978
0.283548165831 -0.944041326558 0.168482817814
0
39.9015737761 116.31477413 0

00000010.jpg
C:\Users\86186\Desktop\VisualSFM_windows_cuda_64bit\最终数据\普通镜头\图像\20free\sofa (20).jpg
814.208618164
323.59185791 246.32951355
-2.32191460107 -0.928838868783 -0.143891847881
2.31455313676 -0.00705270092276 0.957874868697
-1.46141318714 -0.00427140076289 -0.0181264837844
0.744663376208 -0.667385988112 -0.00195062768274 -0.00827785146453
0.999855700813 0.0149322009285 0.00814382447262
-0.00972465034876 0.109054516404 0.993988096728
0.0139540684564 -0.993923515837 0.109183958245
0
39.9015737761 116.31477413 0

00000011.jpg
C:\Users\86186\Desktop\VisualSFM_windows_cuda_64bit\最终数据\普通镜头\图像\20free\sofa (19).jpg
814.208618164
323.59185791 246.32951355
-2.47049404417 -0.92131038305 -0.188839692476
2.44602943597 0.0409220874364 1.00153834173
-1.47263174401 -0.0197790465443 -0.0657568433106
0.740410211952 -0.671425773401 -0.00901797864752 -0.0299809097256
0.998039633637 0.0565061112382 0.0269059834049
-0.0322865756594 0.0965771971702 0.994801811851
0.053613997332 -0.993720184923 0.0982122970413
0
39.9015737761 116.31477413 0

00000012.jpg
C:\Users\86186\Desktop\VisualSFM_windows_cuda_64bit\最终数据\普通镜头\图像\20free\sofa (18).jpg
814.208618164
323.59185791 246.32951355
-2.64393405532 -1.09816872573 -0.32463493316
2.68345336699 0.0970757319162 1.04470448627
-1.41735896171 -0.0948036812044 -0.0540153031056
0.757855436694 -0.650497571412 -0.0435101947006 -0.0247903491202
0.994984464296 0.0941815040874 -0.0336967002646
0.0190315006544 0.152476046735 0.988123312339
0.0982010501571 -0.983809171864 0.149918940674
0
39.9015737761 116.31477413 0

00000013.jpg
C:\Users\86186\Desktop\VisualSFM_windows_cuda_64bit\最终数据\普通镜头\图像\20free\sofa (17).jpg
814.208618164
323.59185791 246.32951355
-2.91686607259 -1.0550181136 -0.302767151314
2.93626044519 0.0858857251383 1.04107754904
-1.46000680519 -0.0790381149379 -0.0653973436581
0.743970621484 -0.666568828964 -0.0360849987346 -0.0298572791748
0.995612592612 0.0925320403161 -0.0138884785581
0.00368028614213 0.109588889166 0.993969867772
0.0934962371813 -0.989660636012 0.10876766075
0
39.9015737761 116.31477413 0

00000014.jpg
C:\Users\86186\Desktop\VisualSFM_windows_cuda_64bit\最终数据\普通镜头\图像\20free\sofa (16).jpg
814.208618164
323.59185791 246.32951355
-3.50925012942 -0.993307217056 -0.178055697173
3.47964408692 0.0182849097565 1.10676994816
-1.44366424101 0.00892858450327 -0.0366476638442
0.750433689794 -0.660720382819 0.0040863364233 -0.0167725000016
0.999404079128 0.0197734771009 0.0282968279464
-0.0305731191522 0.126334808058 0.991516594386
0.0160307298669 -0.991790744819 0.126864003926
0
39.9015737761 116.31477413 0

00000015.jpg
C:\Users\86186\Desktop\VisualSFM_windows_cuda_64bit\最终数据\普通镜头\图像\20free\sofa (15).jpg
814.208618164
323.59185791 246.32951355
-3.82054421747 -0.665154169753 -0.146803318502
3.76630814836 0.0232754833118 0.935370584614
-1.47634826504 0.0345864103129 -0.0733870814324
0.738948544565 -0.672746830646 0.0157604397773 -0.0334412466308
0.997266631137 0.0282172217929 0.0682873826791
-0.0706282203122 0.0925867014158 0.99319652176
0.0217027665386 -0.995304643708 0.0943264735088
0
39.9015737761 116.31477413 0

00000016.jpg
C:\Users\86186\Desktop\VisualSFM_windows_cuda_64bit\最终数据\普通镜头\图像\20free\sofa (14).jpg
814.208618164
323.59185791 246.32951355
-3.99657903852 -0.683695292597 0.141771988848
3.99319251791 0.0424178282119 0.716099670177
-1.40864057493 0.0499161185193 0.031752347957
0.761649754652 -0.647418320855 0.0229417001118 0.0145935394474
0.998521355106 -0.0519361890471 0.0160509146497
-0.00747552608853 0.16127337222 0.986881673983
-0.053843246396 -0.985542346963 0.160646667719
0
39.9015737761 116.31477413 0

00000017.jpg
C:\Users\86186\Desktop\VisualSFM_windows_cuda_64bit\最终数据\普通镜头\图像\20free\sofa (13).jpg
814.208618164
323.59185791 246.32951355
-4.07023215993 -0.582558915999 0.137486770681
4.07513394909 0.0615292885273 0.560855018286
-1.4504723788 0.0255791524724 0.0292674405487
0.748170114159 -0.663268930141 0.0116967805401 0.0133833530816
0.999368351872 -0.0355423958425 -0.000251116773535
0.00450970336915 0.11979054048 0.992788913029
-0.0352558433013 -0.992163051698 0.119875186532
0
39.9015737761 116.31477413 0

00000018.jpg
C:\Users\86186\Desktop\VisualSFM_windows_cuda_64bit\最终数据\普通镜头\图像\20free\sofa (9).jpg
814.208618164
323.59185791 246.32951355
-2.75729412703 -0.00774931308577 -0.0970676351284
2.75763344087 0.0871718208687 0.00311536956446
-1.38376404785 -0.052254661596 -0.0491770552618
0.769453247717 -0.637846114482 -0.0240867891562 -0.0226681663461
0.997812108559 0.0656115476887 -0.00814969948839
-0.00415682917043 0.185276855816 0.982677420614
0.0659849330849 -0.980493636712 0.185144237312
0
39.9015737761 116.31477413 0

00000019.jpg
C:\Users\86186\Desktop\VisualSFM_windows_cuda_64bit\最终数据\普通镜头\图像\20free\sofa (8).jpg
814.208618164
323.59185791 246.32951355
-2.30941044201 0.111869260323 -0.259164637462
2.32176434453 -0.0194402425314 -0.14861716949
-1.36265372607 -0.109080957333 -0.0660089473415
0.77485993806 -0.629383870523 -0.0503824220441 -0.0304882788431
0.993064435475 0.110668100349 -0.0397010563151
0.0161715169258 0.205892463106 0.978440867897
0.116456225382 -0.972296519819 0.20267479586
0
39.9015737761 116.31477413 0

00000020.jpg
C:\Users\86186\Desktop\VisualSFM_windows_cuda_64bit\最终数据\普通镜头\图像\20free\sofa (22).jpg
814.208618164
323.59185791 246.32951355
-1.58871880221 -0.914654467295 -0.093219738843
1.61840359618 -2.77555756156e-017 0.866071483076
-1.45650349543 -0.0218632317498 0.0300691019017
0.746181123988 -0.66552608137 -0.00999005563542 0.0137395973451
0.999422952948 -0.00720718242625 -0.0331969121621
0.0338017303342 0.113772076662 0.992931463706
-0.00337934839115 -0.993480534054 0.113950049575
0
39.9015737761 116.31477413 0

00000021.jpg
C:\Users\86186\Desktop\VisualSFM_windows_cuda_64bit\最终数据\普通镜头\图像\20free\sofa (7).jpg
814.208618164
323.59185791 246.32951355
-1.90050635027 0.247767500455 -0.196241280163
1.91440517104 0.085092781578 -0.199091563111
-1.34770612018 -0.116783540662 -0.145708963863
0.777389940193 -0.623066595662 -0.0539909421053 -0.0673636386392
0.985094012924 0.172015507005 -6.93889390391e-018
-0.0374557530469 0.214500376252 0.976005430696
0.167888061017 -0.961457383455 0.217746087276
0
39.9015737761 116.31477413 0

00000022.jpg
C:\Users\86186\Desktop\VisualSFM_windows_cuda_64bit\最终数据\普通镜头\图像\20free\sofa (5).jpg
814.208618164
323.59185791 246.32951355
-1.25689936626 0.448523986497 -0.337693222288
1.30577875106 -0.0222221938525 -0.435264406885
-1.35037975159 -0.254399910608 -0.225700104517
0.767237713594 -0.621942175938 -0.117168547422 -0.103950325045
0.950931573587 0.305253315994 -0.0504900510371
-0.0137651228674 0.204764390963 0.978714227082
0.30909446268 -0.929995745135 0.198918872095
0
39.9015737761 116.31477413 0

00000023.jpg
C:\Users\86186\Desktop\VisualSFM_windows_cuda_64bit\最终数据\普通镜头\图像\20free\sofa (24).jpg
814.208618164
323.59185791 246.32951355
-1.16642337543 -0.614853814929 -0.343793846463
1.18894028706 -0.185252318692 0.639441722961
-1.4703695747 -0.0642701170911 -0.0619478828272
0.740798216233 -0.670493083704 -0.0293073726089 -0.0282484265864
0.996686140468 0.081153485371 -0.00554086332532
-0.00255205073554 0.0992818643777 0.995055880145
0.0813025340794 -0.991744441473 0.0991599838508
0
39.9015737761 116.31477413 0

00000024.jpg
C:\Users\86186\Desktop\VisualSFM_windows_cuda_64bit\最终数据\普通镜头\图像\20free\sofa (2).jpg
814.208618164
323.59185791 246.32951355
-0.143008610694 0.604852347369 0.0558259249405
0.156709231566 0.00549949132174 -0.60400846943
-1.40778439762 -0.186938692684 -0.243324002347
0.751529986857 -0.644565902199 -0.0855914494503 -0.11140793673
0.9605249531 0.277791485455 0.014970367019
-0.057114135451 0.144246340102 0.987892300831
0.272268530541 -0.949750115201 0.154417991378
0
39.9015737761 116.31477413 0

00000025.jpg
C:\Users\86186\Desktop\VisualSFM_windows_cuda_64bit\最终数据\普通镜头\图像\20free\sofa (6).jpg
814.208618164
323.59185791 246.32951355
-1.64375628694 0.39811136792 -0.245940488962
1.66867086061 -2.77555756156e-017 -0.369393812764
-1.37211552224 -0.14498203639 -0.149357200128
0.768753121629 -0.632311238692 -0.0668119917984 -0.0688281960885
0.981597655182 0.190315696432 -0.0156821329975
-0.0213318659647 0.190890373881 0.981379471601
0.189765576032 -0.962985482743 0.191437418996
0
39.9015737761 116.31477413 0

00000026.jpg
C:\Users\86186\Desktop\VisualSFM_windows_cuda_64bit\最终数据\普通镜头\图像\20free\sofa (31).jpg
814.208618164
323.59185791 246.32951355
0.0669703610998 0.190265920939 0.0862697069111
-0.0723731672974 0.0147969346964 -0.206571540782
-1.34384330799 -0.269120770556 -0.398382680359
0.755993125766 -0.616325595507 -0.123426606502 -0.182709874918
0.902765817868 0.428396746762 0.0385982415035
-0.124112891029 0.173519520561 0.976978339878
0.411836905713 -0.886773313872 0.209817086394
0
39.9015769258 116.314751151 0

00000027.jpg
C:\Users\86186\Desktop\VisualSFM_windows_cuda_64bit\最终数据\普通镜头\图像\20free\sofa (10).jpg
814.208618164
323.59185791 246.32951355
-3.07402371385 -0.0316487672279 -0.106893436568
3.07228477729 0.0804982522924 0.128973820963
-1.37086588206 -0.0189933163842 -0.0659254679283
0.773601749009 -0.632880018603 -0.00876853861773 -0.0304354436965
0.997993679832 0.0581886743248 0.0249572887501
-0.0359909755772 0.197073055141 0.97972794911
0.0520907159938 -0.978660408106 0.198771929306
0
39.9015737761 116.31477413 0

00000028.jpg
C:\Users\86186\Desktop\VisualSFM_windows_cuda_64bit\最终数据\普通镜头\图像\20free\sofa (11).jpg
814.208618164
323.59185791 246.32951355
-3.53207384047 -0.309827283368 0.036345252425
3.54028375619 -0.116993773858 0.159880825997
-1.43431098468 0.00649954587362 0.0741488969408
0.753043664117 -0.657086298633 0.00297757082425 0.0339690797594
0.997674515176 -0.0550734832188 -0.0401567490949
0.0472473179361 0.134167228857 0.989831648673
-0.0491257124696 -0.989427047182 0.136457296235
0
39.9015737761 116.31477413 0

00000029.jpg
C:\Users\86186\Desktop\VisualSFM_windows_cuda_64bit\最终数据\普通镜头\图像\20free\sofa (12).jpg
814.208618164
323.59185791 246.32951355
-3.77680335687 -0.387639312407 -0.0147781793809
3.77853801435 -0.0149090553777 0.370338844547
-1.42646273578 0.00721837017699 0.015133322041
0.756219376645 -0.654272974459 0.00331083624407 0.00694117229764
0.999881841665 -0.0148304428858 -0.00407545585672
0.00616575306664 0.143757371617 0.989593913975
-0.0140903299394 -0.989501689628 0.143831769173
0
39.9015737761 116.31477413 0

00000030.jpg
C:\Users\86186\Desktop\VisualSFM_windows_cuda_64bit\最终数据\普通镜头\图像\20free\sofa (21).jpg
814.208618164
323.59185791 246.32951355
-1.82060369825 -0.923088184421 -0.202285772944
1.83447617532 0.00824793905031 0.917734954047
-1.44931719253 -0.0489907779999 -0.0345415449118
0.748314904139 -0.662776955219 -0.0224036248545 -0.01579594866
0.998497300549 0.0533379382964 -0.0125915862044
0.00605656306737 0.120954144663 0.992639473238
0.054468279337 -0.991224021604 0.120449337816
0
39.9015737761 116.31477413 0

00000031.jpg
C:\Users\86186\Desktop\VisualSFM_windows_cuda_64bit\最终数据\普通镜头\图像\20free\sofa (30).jpg
814.208618164
323.59185791 246.32951355
0.0954491555849 -0.106759237391 -0.0219201496036
-0.0871281566311 -0.0456630395804 0.106358547558
-1.41248377456 -0.27612530008 -0.359248339082
0.737328092616 -0.643248674585 -0.125748158311 -0.163602599989
0.914843048796 0.403032252008 0.0250389893456
-0.0794829199814 0.118930678293 0.989716160818
0.395909588216 -0.90742511242 0.140837137557
0
39.9015769258 116.314751151 0

