# Camera parameter file. 

# The format of each camera is as follows:
# Filename (of the undistorted image in visualize folder)
# Original filename
# Focal Length (of the undistorted image)
# 2-vec Principal Point (image center)
# 3-vec Translation T (as in P = K[R T])
# 3-vec Camera Position C (as in P = K[R -RC])
# 3-vec Axis Angle format of R
# 4-vec Quaternion format of R
# 3x3 Matrix format of R
# [Normalized radial distortion] = [radial distortion] * [focal length]^2
# 3-vec Lat/Lng/Alt from EXIF

# The nubmer of cameras in this reconstruction
36

00000000.jpg
C:\Users\86186\Desktop\VisualSFM_windows_cuda_64bit\最终数据\20free\1\sofa (8).jpg
423.546234131
329.919403076 252.549682617
-0.347858224699 0.411850516229 -0.413402607841
0.356521807442 0.37793206077 0.437706604291
1.52516684418 -0.0183792552144 0.0535718394209
0.722690889423 0.690695657032 -0.0083233331517 0.0242608452763
0.998684800271 -0.0465640564451 0.0214832592399
0.0235683109584 0.0447026019939 -0.99872306074
0.0455440473934 0.997914774067 0.0457410843567
0
0 0 0

00000001.jpg
C:\Users\86186\Desktop\VisualSFM_windows_cuda_64bit\最终数据\20free\1\sofa (10).jpg
423.546234131
329.919403076 252.549682617
-1.24142409232 0.353065519239 -0.342066095681
1.21155086455 0.323931417581 0.45826961177
1.54626499451 0.0566379283894 0.0675371716492
0.71484943066 0.6981450711 0.0255722600477 0.0304933136753
0.996832504607 -0.00788991117441 0.0791381290029
0.0793026005047 0.0233272721734 -0.996577294361
0.00601686685975 0.999697132016 0.0238790572801
0
0 0 0

00000002.jpg
C:\Users\86186\Desktop\VisualSFM_windows_cuda_64bit\最终数据\20free\1\sofa (9).jpg
423.546234131
329.919403076 252.549682617
-0.721860107523 0.462984456999 -0.555227102874
0.69988057454 0.521831990216 0.530633421852
1.54358121199 0.0364775264503 0.0811951458911
0.715768207343 0.697179705579 0.0164755770239 0.0366729054921
0.996767655437 -0.0295257525881 0.0747206428315
0.0754714467006 0.0251909452811 -0.996829215436
0.0275498659061 0.999247056796 0.0273379058553
0
0 0 0

00000003.jpg
C:\Users\86186\Desktop\VisualSFM_windows_cuda_64bit\最终数据\20free\1\sofa (7).jpg
423.546234131
329.919403076 252.549682617
0.0178901142851 0.423991517123 -0.517231135032
0.00899323243435 0.49125353037 0.454098919387
1.51068334154 -0.0413454641155 0.0438907906362
0.727625039605 0.685429464372 -0.0187593247001 0.0199141939872
0.998502645164 -0.0546965650082 -5.20417042793e-018
0.00326369974645 0.0595804624505 -0.998218585203
0.0545990175116 0.996723979438 0.0596696854291
0
0 0 0

00000004.jpg
C:\Users\86186\Desktop\VisualSFM_windows_cuda_64bit\最终数据\20free\1\sofa (6).jpg
423.546234131
329.919403076 252.549682617
0.40712879298 0.476565955271 -0.580314020401
-0.34466247698 0.586609748059 0.516459048346
1.51051268603 -0.0849969794836 0.0624740019008
0.726833786357 0.685144794768 -0.0385532929333 0.0283372245771
0.995421581382 -0.0940221096093 -0.0172134443177
-0.0116363006725 0.0595473005913 -0.998157705112
0.0948738991993 0.993787836425 0.058180529988
0
0 0 0

00000005.jpg
C:\Users\86186\Desktop\VisualSFM_windows_cuda_64bit\最终数据\20free\1\sofa (11).jpg
423.546234131
329.919403076 252.549682617
-1.74202569447 0.233172083122 -0.0884740922894
1.71574975184 0.124762366016 0.370790252914
1.53918209911 0.0813273063283 0.040141469724
0.717265683991 0.695593118253 0.0367537503462 0.0181408880163
0.99664053971 0.0251077938634 0.0779616718664
0.0771551396682 0.0316417152717 -0.996516729388
-0.0274871436589 0.999183565585 0.0295979907436
0
0 0 0

00000006.jpg
C:\Users\86186\Desktop\VisualSFM_windows_cuda_64bit\最终数据\20free\1\sofa (12).jpg
423.546234131
329.919403076 252.549682617
-2.06302458434 0.123594313484 0.112110392038
2.04109623997 0 0.343275064539
1.51826502065 0.131457928679 0.0374284708826
0.723317042405 0.687735007915 0.0595470608828 0.0169541347319
0.992333748154 0.0573787698774 0.109462952795
0.106431628241 0.0534665873424 -0.99288164189
-0.0628226630514 0.996920165646 0.0469498398393
0
0 0 0

00000007.jpg
C:\Users\86186\Desktop\VisualSFM_windows_cuda_64bit\最终数据\20free\1\sofa (5).jpg
423.546234131
329.919403076 252.549682617
0.95080420438 0.492541008947 -0.701876878991
-0.874677491378 0.744454134454 0.565670786104
1.4964542193 -0.0863632164324 0.0520464009122
0.73174083925 0.680040941141 -0.0392464548698 0.0236516981294
0.995800783652 -0.0879922996124 -0.0252681279082
-0.018764645857 0.0739697564363 -0.997083687494
0.0896048073879 0.993371228487 0.0720080832156
0
0 0 0

00000008.jpg
C:\Users\86186\Desktop\VisualSFM_windows_cuda_64bit\最终数据\20free\1\sofa (4).jpg
423.546234131
329.919403076 252.549682617
1.29246502194 0.517821962783 -0.799857201863
-1.20862113516 0.875847671704 0.59202990398
1.47219506005 -0.0759055672227 0.0849042704011
0.739616058661 0.67102435828 -0.0345976466825 0.0386992424489
0.994611621012 -0.10367703535 0.000758229455175
0.0108132893429 0.0964574476737 -0.995278819102
0.103114129768 0.989922745444 0.0970585882304
0
0 0 0

00000009.jpg
C:\Users\86186\Desktop\VisualSFM_windows_cuda_64bit\最终数据\20free\1\sofa (32).jpg
423.546234131
329.919403076 252.549682617
1.55558438856 0.394790782471 0.218432842406
-1.55657915225 -0.019443687456 0.447323982183
1.46750061802 -0.151648142871 0.0876902545871
0.739169840375 0.668771313207 -0.0691092912724 0.0399623182405
0.987253804901 -0.151514407011 -0.0487156904392
-0.0333586454315 0.102296307019 -0.994194710746
0.155618324754 0.983147628575 0.0959380997602
0
0 0 0

00000010.jpg
C:\Users\86186\Desktop\VisualSFM_windows_cuda_64bit\最终数据\20free\1\sofa (33).jpg
423.546234131
329.919403076 252.549682617
1.79857179566 0.438089286184 0.0523979402821
-1.73894860586 0.242347101458 0.588946947526
1.45794590703 -0.213543156724 0.0910169241979
0.739711262055 0.664553635331 -0.0973361771635 0.0414868806592
0.97760831287 -0.190746760146 -0.0888607347419
-0.0679935087417 0.113294536173 -0.991232076714
0.199141931071 0.975079156461 0.0977881557999
0
0 0 0

00000011.jpg
C:\Users\86186\Desktop\VisualSFM_windows_cuda_64bit\最终数据\20free\1\sofa (35).jpg
423.546234131
329.919403076 252.549682617
2.19524720141 0.531548032488 -0.131151133398
-2.03882098541 0.585116195087 0.787210211326
1.46827842045 -0.268363955918 0.106691637365
0.732911014794 0.667534551701 -0.122008340184 0.0485060280984
0.965522515187 -0.233990769941 -0.114083691085
-0.0917883608321 0.104088941178 -0.990322766098
0.243601334586 0.966650936692 0.0790227660622
0
0 0 0

00000012.jpg
C:\Users\86186\Desktop\VisualSFM_windows_cuda_64bit\最终数据\20free\1\sofa (36).jpg
423.546234131
329.919403076 252.549682617
2.22340697663 0.341232858904 -0.227308021056
-2.0496423801 0.718761570848 0.627693506748
1.43046711166 -0.279139333478 0.118186936491
0.744429409862 0.653195918612 -0.127463729761 0.0539678430356
0.961680579255 -0.246868009613 -0.119272329706
-0.0861670114428 0.140844407905 -0.986274286
0.260278666793 0.958758722869 0.114175597912
0
0 0 0

00000013.jpg
C:\Users\86186\Desktop\VisualSFM_windows_cuda_64bit\最终数据\20free\1\sofa (34).jpg
423.546234131
329.919403076 252.549682617
1.90398756479 0.428265523224 -0.0938807170133
-1.78756908616 0.436955978872 0.656554088149
1.44912565396 -0.251015556206 0.0861560489058
0.740747838152 0.660793158505 -0.114461683682 0.0392866743647
0.970709654182 -0.209473923517 -0.117653843657
-0.0930678471019 0.123617908269 -0.987955639057
0.221495135298 0.969968775454 0.100501876456
0
0 0 0

00000014.jpg
C:\Users\86186\Desktop\VisualSFM_windows_cuda_64bit\最终数据\20free\1\sofa (3).jpg
423.546234131
329.919403076 252.549682617
1.78053313552 0.679899095673 -0.776491473571
-1.69741521971 0.938496857414 0.688119134495
1.4659813499 -0.0677351209629 0.138366186136
0.740470050946 0.668408798528 -0.0308835789924 0.063087553084
0.990132026899 -0.13471475779 0.0386000213666
0.052143016794 0.0984995605084 -0.993770175946
0.130073482606 0.985976612449 0.104551997983
0
0 0 0

00000015.jpg
C:\Users\86186\Desktop\VisualSFM_windows_cuda_64bit\最终数据\20free\1\sofa (2).jpg
423.546234131
329.919403076 252.549682617
2.19914071299 0.745106275353 -0.899593047358
-2.03106568329 1.19861373102 0.799227486533
1.4539009144 -0.117258262251 0.163861793496
0.742568825862 0.663428674952 -0.0535060489898 0.0747716790449
0.98309297599 -0.182041147239 0.0197474598693
0.0400513244254 0.108542464826 -0.993284023457
0.178675155769 0.977281785353 0.113998403754
0
0 0 0

00000016.jpg
C:\Users\86186\Desktop\VisualSFM_windows_cuda_64bit\最终数据\20free\1\sofa (1).jpg
423.546234131
329.919403076 252.549682617
2.88406237484 0.399178429537 -0.692280452965
-2.41830468274 1.61303745695 0.71155878355
1.51297045466 -0.352082371777 0.196620126392
0.708874347143 0.681541116585 -0.158600990556 0.088570599691
0.934002466146 -0.341757134023 -0.104127418031
-0.0906154298952 0.0553141211735 -0.994349186166
0.345585276515 0.938158870115 0.0206947728314
0
0 0 0

00000017.jpg
C:\Users\86186\Desktop\VisualSFM_windows_cuda_64bit\最终数据\20free\1\sofa (31).jpg
423.546234131
329.919403076 252.549682617
1.31411937903 0.209727537921 0.165244976466
-1.31491271894 -0.0322081909751 0.261087402554
1.51327507648 -0.120172100308 0.0528565667637
0.725194423329 0.685967533165 -0.0544740083843 0.0239598796531
0.992917522557 -0.109485940917 -0.0461372082166
-0.0399836564846 0.0577485192976 -0.997530246562
0.11187978017 0.992309071982 0.0529617646557
0
0 0 0

00000018.jpg
C:\Users\86186\Desktop\VisualSFM_windows_cuda_64bit\最终数据\20free\1\sofa (30).jpg
423.546234131
329.919403076 252.549682617
1.08581962484 -0.0940197683206 0.130235168057
-1.09691154168 -0.03987215491 -0.000822961412237
1.4926421959 -0.132538801076 -0.00919356809105
0.732185058417 0.678423509333 -0.0602404506557 -0.00417858529309
0.992707162656 -0.0756180967184 -0.093884016222
-0.0878560875861 0.079447816624 -0.992959669909
0.0825446153077 0.993966557341 0.0722248597946
0
0 0 0

00000019.jpg
C:\Users\86186\Desktop\VisualSFM_windows_cuda_64bit\最终数据\20free\1\sofa (28).jpg
423.546234131
329.919403076 252.549682617
0.668875531759 -0.681887634599 0.0951867143827
-0.740741773359 0 -0.610514547529
1.5043984627 -0.141325658573 -0.0227956519557
0.727862244527 0.68263975047 -0.0641282975856 -0.010343814188
0.991561259488 -0.0724951857219 -0.107475430772
-0.102610672969 0.067791603115 -0.992408166506
0.0792308357016 0.995062637416 0.0597809254311
0
0 0 0

00000020.jpg
C:\Users\86186\Desktop\VisualSFM_windows_cuda_64bit\最终数据\20free\1\sofa (27).jpg
423.546234131
329.919403076 252.549682617
0.0874127181987 -0.770284414399 0.0455730373675
-0.14762616335 0.0424660333795 -0.761221909633
1.45565356045 -0.0632588277317 -0.0581415164357
0.745778676932 0.665036437921 -0.0289007127827 -0.0265627949096
0.996918301927 0.00117987121086 -0.0784375760638
-0.0780599929622 0.114042231679 -0.990404751057
0.00777656530212 0.99347522808 0.113782806261
0
0 0 0

00000021.jpg
C:\Users\86186\Desktop\VisualSFM_windows_cuda_64bit\最终数据\20free\1\sofa (25).jpg
423.546234131
329.919403076 252.549682617
0.0127065664674 -0.798123452677 0.108707790208
-0.0593398880955 -0.020805166102 -0.803134981059
1.46045700587 -0.041750643966 -0.0488390801717
0.744550661556 0.666920861924 -0.0190655221946 -0.0223024719747
0.998278443316 0.00778016488596 -0.0581384616174
-0.0586411161665 0.109438247875 -0.992262315956
-0.00135747296568 0.993963159848 0.109706059305
0
0 0 0

00000022.jpg
C:\Users\86186\Desktop\VisualSFM_windows_cuda_64bit\最终数据\20free\1\sofa (26).jpg
423.546234131
329.919403076 252.549682617
-0.18874872011 -0.799427697431 0.114615452815
0.155210981042 -0.0347656248709 -0.813970689147
1.47413881212 -0.0239220504313 -0.042158165075
0.740173659495 0.672052559897 -0.0109059439303 -0.0192196979866
0.999023521594 0.0137931263721 -0.0419779561505
-0.0431105304004 0.0959518627209 -0.994451965416
-0.00968878643399 0.995290445112 0.0964528005268
0
0 0 0

00000023.jpg
C:\Users\86186\Desktop\VisualSFM_windows_cuda_64bit\最终数据\20free\1\sofa (24).jpg
423.546234131
329.919403076 252.549682617
-0.493475518801 -0.794028701198 0.0677947663926
0.440462179394 -0.00842045198203 -0.827356106905
1.47981859488 -0.0726479999999 -0.0265335154919
0.737848413687 0.674046413584 -0.0330906261236 -0.0120858198559
0.997517880381 -0.0267742294648 -0.0651245185234
-0.0624442414998 0.0910305477569 -0.993888289931
0.0325389454495 0.995488018125 0.0891326981812
0
0 0 0

00000024.jpg
C:\Users\86186\Desktop\VisualSFM_windows_cuda_64bit\最终数据\20free\1\sofa (29).jpg
423.546234131
329.919403076 252.549682617
0.472586434551 -0.750884872078 -0.0343041580335
-0.532727114406 0.121257060391 -0.699887190266
1.46435690844 -0.0817973557959 -0.0498039672009
0.742673108638 0.668226257882 -0.0373263790086 -0.0227269174875
0.996180658195 -0.0161276944115 -0.085816129466
-0.0836423762524 0.10591309013 -0.990850539936
0.0250690622641 0.994244148924 0.104159636851
0
0 0 0

00000025.jpg
C:\Users\86186\Desktop\VisualSFM_windows_cuda_64bit\最终数据\20free\1\sofa (23).jpg
423.546234131
329.919403076 252.549682617
-0.715825767579 -0.795747302941 0.0414646870609
0.666918983569 0 -0.838187893418
1.47689166489 -0.0842140650018 -0.00654768363196
0.738702667761 0.672931598645 -0.0383713353777 -0.00298338958681
0.997037626756 -0.0472348930142 -0.0607052993278
-0.0560502444011 0.0943078773947 -0.993963622606
0.0526747319084 0.994421845952 0.09138102128
0
0 0 0

00000026.jpg
C:\Users\86186\Desktop\VisualSFM_windows_cuda_64bit\最终数据\20free\1\sofa (21).jpg
423.546234131
329.919403076 252.549682617
-1.10568881728 -0.78444082685 -0.0167417724871
1.05370638097 -0.00820160811311 -0.853118878033
1.49279787408 -0.112619585196 0.0134132453911
0.732676338421 0.678621326175 -0.051196517349 0.00609762013577
0.994683364389 -0.078421248241 -0.0667450109134
-0.0605509202644 0.0788714494598 -0.995043730111
0.0832968965714 0.993795423635 0.0737036536822
0
0 0 0

00000027.jpg
C:\Users\86186\Desktop\VisualSFM_windows_cuda_64bit\最终数据\20free\1\sofa (22).jpg
423.546234131
329.919403076 252.549682617
-1.5145405251 -0.617344710513 -0.0541089468674
1.46514111601 -0.0331772420048 -0.728104692928
1.49578988475 -0.129235170769 0.0130133998613
0.731204970495 0.679600154416 -0.0587169647997 0.00591253400317
0.993034732942 -0.0884546907114 -0.0778319740356
-0.0711615937061 0.0762167146491 -0.99454811204
0.0939045720199 0.99315993139 0.0693913879119
0
0 0 0

00000028.jpg
C:\Users\86186\Desktop\VisualSFM_windows_cuda_64bit\最终数据\20free\1\sofa (13).jpg
423.546234131
329.919403076 252.549682617
-2.59334847407 0.0102378200676 0.285396368252
2.592525988 -0.123854050798 0.265486088228
1.5174430597 0.130452686262 0.0291714646473
0.723691571338 0.68746128294 0.0591001886281 0.0132158187969
0.992664908718 0.0621297879287 0.103711373116
0.100386494615 0.0544446803861 -0.993457788135
-0.0673698603827 0.996581956206 0.0478083726013
0
0 0 0

00000029.jpg
C:\Users\86186\Desktop\VisualSFM_windows_cuda_64bit\最终数据\20free\1\sofa (15).jpg
423.546234131
329.919403076 252.549682617
-3.17937207267 -0.424896919302 0.343067433357
3.22549817428 0.00727038466789 -0.0523910713641
1.54967838892 0.176139728803 0.00715284021846
0.711028563866 0.698657216941 0.0794108594391 0.00322478746299
0.987367203601 0.106376084105 0.117432890529
0.115547748099 0.0237353618267 -0.993018508677
-0.10842066684 0.994042441707 0.0111439091052
0
0 0 0

00000030.jpg
C:\Users\86186\Desktop\VisualSFM_windows_cuda_64bit\最终数据\20free\1\sofa (14).jpg
423.546234131
329.919403076 252.549682617
-3.13906223203 -0.173619881458 0.479724545187
3.16817941423 -0.107003980561 0.255298296867
1.48927406645 0.20316834469 0.0185704828534
0.730603091179 0.676484411169 0.0922867194978 0.00843541322665
0.982824173484 0.112535084379 0.146262706154
0.137186840294 0.0845953685716 -0.986926288901
-0.123437144006 0.990040118839 0.0677039653068
0
0 0 0

00000031.jpg
C:\Users\86186\Desktop\VisualSFM_windows_cuda_64bit\最终数据\20free\1\sofa (19).jpg
423.546234131
329.919403076 252.549682617
-2.75596277111 -0.606091412462 -0.00443422342872
2.79637006142 0.0568383561007 -0.373868482029
1.61786573522 0.0881279505605 0.0448583786732
0.689177792866 0.723242468384 0.0393962707223 0.0200532614129
0.996091824928 0.0293456306334 0.0833088250165
0.0846266803946 -0.0469639805441 -0.995305221877
-0.0252953145975 0.998465370393 -0.0492637236681
0
0 0 0

00000032.jpg
C:\Users\86186\Desktop\VisualSFM_windows_cuda_64bit\最终数据\20free\1\sofa (18).jpg
423.546234131
329.919403076 252.549682617
-2.6570934224 -0.347312668552 -0.150369012016
2.65463198854 0.0521207359219 -0.39191047621
1.60928432628 -0.0370444694854 0.0128612467844
0.693196913343 0.720534259181 -0.016586136422 0.00575844104898
0.999383550506 -0.0318852232868 -0.0146966260423
-0.0159182890435 -0.0384059292839 -0.999135355948
0.0312932082458 0.99875314174 -0.0388897785495
0
0 0 0

00000033.jpg
C:\Users\86186\Desktop\VisualSFM_windows_cuda_64bit\最终数据\20free\1\sofa (16).jpg
423.546234131
329.919403076 252.549682617
-3.09223629339 -0.63522646285 0.180870207574
3.15052489756 0.0408965374711 -0.26583566588
1.5595654572 0.147500553459 0.038155180581
0.708451350447 0.70241583707 0.0664330722685 0.017184788867
0.990582862055 0.0689780859203 0.1182709678
0.11767643344 0.0126332492717 -0.992971625587
-0.0699874312523 0.997538167803 0.00439715247591
0
0 0 0

00000034.jpg
C:\Users\86186\Desktop\VisualSFM_windows_cuda_64bit\最终数据\20free\1\sofa (17).jpg
423.546234131
329.919403076 252.549682617
-3.03236721514 -0.665293412147 0.131547580144
3.08191915009 0.0362936978247 -0.394495943074
1.56075680093 0.111394266474 0.0276550937162
0.709163232136 0.703145627166 0.050184879102 0.0124590571726
0.994652567906 0.0529035171446 0.0886996341897
0.0882455381602 0.0108620051723 -0.996039586073
-0.0536574500835 0.998540516419 0.00613538617591
0
0 0 0

00000035.jpg
C:\Users\86186\Desktop\VisualSFM_windows_cuda_64bit\最终数据\20free\1\sofa (20).jpg
423.546234131
329.919403076 252.549682617
-1.86518854249 -0.604478959138 -0.0836415579722
1.82773871343 -0.0497173631684 -0.712894809202
1.5131683859 -0.117871976909 0.0256652079341
0.725535100271 0.686008581306 -0.0534383274251 0.0116355542766
0.99401783735 -0.0902022979186 -0.0615785644096
-0.0564342857634 0.05851372122 -0.996690152249
0.0935069645772 0.994203067049 0.0530731683341
0
0 0 0

