# Camera parameter file. 

# The format of each camera is as follows:
# Filename (of the undistorted image in visualize folder)
# Original filename
# Focal Length (of the undistorted image)
# 2-vec Principal Point (image center)
# 3-vec Translation T (as in P = K[R T])
# 3-vec Camera Position C (as in P = K[R -RC])
# 3-vec Axis Angle format of R
# 4-vec Quaternion format of R
# 3x3 Matrix format of R
# [Normalized radial distortion] = [radial distortion] * [focal length]^2
# 3-vec Lat/Lng/Alt from EXIF

# The nubmer of cameras in this reconstruction
32

00000000.jpg
C:\Users\86186\Desktop\VisualSFM_windows_cuda_64bit\最终数据\普通镜头\图像\3+2sa\sofa (15).jpg
812.643371582
323.758422852 247.555908203
-0.00475423840744 -0.0293011853963 -0.0197653645178
0.00257302791911 -0.015798385077 0.031868819633
-1.44105736079 0.0536314175255 -0.0598585563462
0.75071788186 -0.659598046019 0.0245480708593 -0.0273983450469
0.997293360802 0.00875312762704 0.0730011357252
-0.0735205826134 0.128359971589 0.988999170056
-0.000713567311635 -0.991689021888 0.128656020185
0
39.9015737761 116.31477413 0

00000001.jpg
C:\Users\86186\Desktop\VisualSFM_windows_cuda_64bit\最终数据\普通镜头\图像\3+2sa\sofa (19).jpg
812.643371582
323.758422852 247.555908203
1.0413309431 -0.125438321372 0.0405762481038
-1.0458380076 0.0189625047496 0.0872537666669
-1.43980701812 -0.000919469319799 -0.0515381185427
0.751565556472 -0.659236574036 -0.000420992394596 -0.0235974767957
0.998886562142 0.0360249544459 0.0304796641142
-0.0349152486712 0.129701629845 0.990938990918
0.0317452776474 -0.99089901953 0.130814950712
0
39.9015737761 116.31477413 0

00000002.jpg
C:\Users\86186\Desktop\VisualSFM_windows_cuda_64bit\最终数据\普通镜头\图像\3+2sa\sofa (14).jpg
812.643371582
323.758422852 247.555908203
-0.181776409645 0.141423528683 0.0325443308725
0.184934304336 -0.0091479839362 -0.140776638135
-1.3738528322 0.0700884881511 0.0455746101294
0.772392270967 -0.633972914707 0.0323427677834 0.0210306866522
0.997022727489 -0.0734968256605 0.0232967820065
-0.00852106636726 0.195272028663 0.980712053145
-0.0766284334239 -0.977991064144 0.194064524848
0
39.9015737761 116.31477413 0

00000003.jpg
C:\Users\86186\Desktop\VisualSFM_windows_cuda_64bit\最终数据\普通镜头\图像\3+2sa\sofa (16).jpg
812.643371582
323.758422852 247.555908203
0.219497288081 -0.173166733667 -0.0387111081885
-0.225303140563 -0.0101510237159 0.169705073778
-1.40944886481 0.0285160694056 -0.0225626259219
0.76163800878 -0.647786959797 0.0131060717184 -0.0103698510928
0.999441489755 -0.00118368941132 0.0333991352435
-0.032775980362 0.160528350439 0.986486294851
-0.00652919422272 -0.987030385842 0.160399985479
0
39.9015737761 116.31477413 0

00000004.jpg
C:\Users\86186\Desktop\VisualSFM_windows_cuda_64bit\最终数据\普通镜头\图像\3+2sa\sofa (13).jpg
812.643371582
323.758422852 247.555908203
-0.249355467397 0.262029881795 0.0555378616828
0.251559495366 0 -0.265782088761
-1.41556071298 0.0464334304365 0.0430310024724
0.75934659356 -0.650036475383 0.0213225919483 0.0197601705974
0.99830965595 -0.0577305885829 0.00669272290234
0.00228868434226 0.154123856353 0.988048605146
-0.058072227345 -0.986363327942 0.1539954843
0
39.9015737761 116.31477413 0

00000005.jpg
C:\Users\86186\Desktop\VisualSFM_windows_cuda_64bit\最终数据\普通镜头\图像\3+2sa\sofa (18).jpg
812.643371582
323.758422852 247.555908203
0.851594538263 -0.114133420766 0.103907196597
-0.854904953841 0.0621243596654 0.119643901799
-1.38507548598 -0.0754844167012 -0.0380714349973
0.768804564253 -0.63829584647 -0.0347861110396 -0.0175447757714
0.996964093421 0.0713846503625 -0.0310899396699
0.0174306355952 0.184541087649 0.982669896379
0.0758849440897 -0.980229144061 0.182736650998
0
39.9015737761 116.31477413 0

00000006.jpg
C:\Users\86186\Desktop\VisualSFM_windows_cuda_64bit\最终数据\普通镜头\图像\3+2sa\sofa (17).jpg
812.643371582
323.758422852 247.555908203
0.651313026473 -0.122323931105 0.0793781902129
-0.655184253435 0.0498796219754 0.117126305011
-1.42737513371 -0.0596164488553 -0.0500970384517
0.755257840291 -0.654454544439 -0.0273342690056 -0.0229695990237
0.99745017657 0.0704739803688 -0.0112237186865
0.00108210136481 0.142323229855 0.989819306303
0.0713539652141 -0.987308396904 0.141884214862
0
39.9015737761 116.31477413 0

00000007.jpg
C:\Users\86186\Desktop\VisualSFM_windows_cuda_64bit\最终数据\普通镜头\图像\3+2sa\sofa (20).jpg
812.643371582
323.758422852 247.555908203
1.14897134852 -0.0657682381674 -0.0347152799227
-1.14992118828 -0.0177092524195 0.0550767806931
-1.42903612378 0.0152828722446 -0.00400464411895
0.755380392676 -0.655246345345 0.00700755286592 -0.00183622259766
0.999895017456 -0.00640941247541 0.0129929926259
-0.0119575986628 0.141297272872 0.989894661405
-0.00818047951635 -0.989946305179 0.141205860227
0
39.9015737761 116.31477413 0

00000008.jpg
C:\Users\86186\Desktop\VisualSFM_windows_cuda_64bit\最终数据\普通镜头\图像\3+2sa\sofa (9).jpg
812.643371582
323.758422852 247.555908203
0.783316950138 0.678162474392 0.213557835657
-0.78867917081 0.0271392591255 -0.704518048613
-1.35113830628 -0.0330946250592 -0.0327858984611
0.780099984821 -0.625283194197 -0.0153156140801 -0.0151727408061
0.999070468823 0.0428257519627 -0.00492089538565
-0.00451926752751 0.217581124074 0.976031371259
0.0428699458599 -0.975102269948 0.217572352372
0
39.9015737761 116.31477413 0

00000009.jpg
C:\Users\86186\Desktop\VisualSFM_windows_cuda_64bit\最终数据\普通镜头\图像\3+2sa\sofa (8).jpg
812.643371582
323.758422852 247.555908203
1.10046102483 0.828096356657 0.2459838398
-1.13182275038 -0.0531700717434 -0.820619250366
-1.33125382366 -0.0895666695427 -0.0481290730849
0.785331090774 -0.617278149347 -0.041530433217 -0.0223165745221
0.995554717166 0.0863234914032 -0.0376792032623
0.0162198921561 0.236939220859 0.971388665302
0.0927813584121 -0.967682224048 0.234485750522
0
39.9015737761 116.31477413 0

00000010.jpg
C:\Users\86186\Desktop\VisualSFM_windows_cuda_64bit\最终数据\普通镜头\图像\3+2sa\sofa (23).jpg
812.643371582
323.758422852 247.555908203
1.84103903819 0.116066641244 0.00901040312512
-1.84194841686 -0.053622461159 -0.085624589658
-1.44510283252 -0.0324867579285 -0.00934342587584
0.749990316179 -0.661268084654 -0.0148656937822 -0.00427548074365
0.999520951406 0.0260734909007 -0.0166438241688
0.0132472142817 0.12541315989 0.992016357852
0.027952681351 -0.991762281703 0.125007786153
0
39.9015737761 116.31477413 0

00000011.jpg
C:\Users\86186\Desktop\VisualSFM_windows_cuda_64bit\最终数据\普通镜头\图像\3+2sa\sofa (25).jpg
812.643371582
323.758422852 247.555908203
2.29800161361 0.178183242639 0.285723266116
-2.30867037521 -0.114231573629 -0.226251632133
-1.41543048292 -0.111134221741 -0.134416220505
0.75635872369 -0.649246876036 -0.0509763970446 -0.0616556675191
0.987200073918 0.159460023797 0.00294662670977
-0.0270751841749 0.149354100972 0.988412601303
0.157172397138 -0.975841552768 0.151759900717
0
39.9015737761 116.31477413 0

00000012.jpg
C:\Users\86186\Desktop\VisualSFM_windows_cuda_64bit\最终数据\普通镜头\图像\3+2sa\sofa (26).jpg
812.643371582
323.758422852 247.555908203
2.424994662 0.188184449334 0.380466722711
-2.44182611221 -0.161160407201 -0.268847387125
-1.39044398476 -0.137832367744 -0.176301883206
0.762150007397 -0.639175032345 -0.0633603432259 -0.0810444456127
0.978834642134 0.204532640658 0.00702297932424
-0.0425394586349 0.169774222631 0.984564254864
0.200183323557 -0.964024767653 0.174881670336
0
39.9015737761 116.31477413 0

00000013.jpg
C:\Users\86186\Desktop\VisualSFM_windows_cuda_64bit\最终数据\普通镜头\图像\3+2sa\sofa (27).jpg
812.643371582
323.758422852 247.555908203
2.56205444633 -0.00250468612215 0.744884482522
-2.65163720393 -0.093044328416 -0.281325069477
-1.40262761825 -0.170075107799 -0.306113997797
0.749929652174 -0.641817047728 -0.0778232954771 -0.140072232842
0.948646664553 0.309985184554 0.0630775420858
-0.110192098865 0.136901907507 0.9844371043
0.296525529718 -0.940833437146 0.164029360778
0
39.9015737761 116.31477413 0

00000014.jpg
C:\Users\86186\Desktop\VisualSFM_windows_cuda_64bit\最终数据\普通镜头\图像\3+2sa\sofa (29).jpg
812.643371582
323.758422852 247.555908203
2.77858119789 0.181872342143 1.01776896826
-2.92547151766 0.00141362638413 -0.480671024782
-1.37336690572 -0.198941692095 -0.307717640169
0.757902433639 -0.630318534308 -0.0913059978742 -0.141229653288
0.943435594903 0.329180237733 0.0396374508576
-0.0989729539827 0.165505349392 0.981230068903
0.316441602836 -0.929649735575 0.188723451368
0
39.9015737761 116.31477413 0

00000015.jpg
C:\Users\86186\Desktop\VisualSFM_windows_cuda_64bit\最终数据\普通镜头\图像\3+2sa\sofa (28).jpg
812.643371582
323.758422852 247.555908203
2.7411971459 0.173146669034 0.641589170441
-2.79816157812 -0.0602212420062 -0.349905749609
-1.44022633572 -0.146443732161 -0.224582215909
0.743515283226 -0.657424603848 -0.0668476268027 -0.102515743993
0.970044444055 0.240338617054 0.0353882823157
-0.0645494726674 0.114566822264 0.991315996946
0.234197211016 -0.963904965171 0.126648639241
0
39.9015737761 116.31477413 0

00000016.jpg
C:\Users\86186\Desktop\VisualSFM_windows_cuda_64bit\最终数据\普通镜头\图像\3+2sa\sofa (4).jpg
812.643371582
323.758422852 247.555908203
2.08230241869 1.03737288828 0.855245446674
-2.21396607523 0.0676380325927 -1.11236038758
-1.33426290697 -0.200544832389 -0.178632358715
0.777250902629 -0.616819661044 -0.0927103608231 -0.0825803898006
0.969170977449 0.242742511072 -0.0422440614822
-0.0140002189757 0.22542813333 0.974159477143
0.245992785049 -0.94353507608 0.221876751771
0
39.9015737761 116.31477413 0

00000017.jpg
C:\Users\86186\Desktop\VisualSFM_windows_cuda_64bit\最终数据\普通镜头\图像\3+2sa\sofa (32).jpg
812.643371582
323.758422852 247.555908203
2.94168091727 0.677827999117 1.38140762477
-3.06928348802 1.73472347598e-017 -1.26519474939
-1.24436815283 -0.173332424031 -0.355348353414
0.794365702618 -0.578921393212 -0.0806400004539 -0.165319855998
0.932333335703 0.356017295759 0.0632990333752
-0.169280398506 0.275039349083 0.94641361077
0.319529635854 -0.893087586345 0.316694793196
0
39.9015737761 116.31477413 0

00000018.jpg
C:\Users\86186\Desktop\VisualSFM_windows_cuda_64bit\最终数据\普通镜头\图像\3+2sa\sofa (7).jpg
812.643371582
323.758422852 247.555908203
1.43150414604 0.770100042434 0.458199029525
-1.4531408362 0.0359546312863 -0.859822433757
-1.31698009913 -0.0988182778474 -0.12737839962
0.787899699915 -0.611240865363 -0.0458638438842 -0.0591192556846
0.988802696167 0.14922780485 0
-0.0370923704027 0.245778888199 0.968615538725
0.144544435333 -0.957770438858 0.24856216414
0
39.9015737761 116.31477413 0

00000019.jpg
C:\Users\86186\Desktop\VisualSFM_windows_cuda_64bit\最终数据\普通镜头\图像\3+2sa\sofa (22).jpg
812.643371582
323.758422852 247.555908203
1.69654968353 0.0767927641626 -0.0427553176932
-1.69867405196 -0.00228014441481 -0.0225733088
-1.42415437331 -0.00142730320557 0.0446680820675
0.756777100864 -0.653351296484 -0.000654795868562 0.020492124925
0.999158885987 -0.0301603011897 -0.0277681950028
0.0318715823755 0.145424230421 0.988855738316
-0.0257860569265 -0.988909461679 0.146263205159
0
39.9015737761 116.31477413 0

00000020.jpg
C:\Users\86186\Desktop\VisualSFM_windows_cuda_64bit\最终数据\普通镜头\图像\3+2sa\sofa (1).jpg
812.643371582
323.758422852 247.555908203
2.86582629321 0.799902794878 1.4667858394
-3.04580116221 -0.0322711963502 -1.31389438786
-1.21019901987 -0.21485789683 -0.345825909753
0.803035918653 -0.564824175444 -0.10027849339 -0.161403894001
0.92778600247 0.372505662276 0.0212752299534
-0.145946834897 0.309844986124 0.939519018614
0.343384158196 -0.874777383806 0.341835757993
0
39.9015737761 116.31477413 0

00000021.jpg
C:\Users\86186\Desktop\VisualSFM_windows_cuda_64bit\最终数据\普通镜头\图像\3+2sa\sofa (3).jpg
812.643371582
323.758422852 247.555908203
2.38132100647 0.949018821037 0.8836531375
-2.44070467414 0.0150817416529 -1.18105707545
-1.36463023186 -0.161698231222 -0.251693271968
0.765795904308 -0.628166423078 -0.074432910215 -0.115859416473
0.962073233923 0.270961792216 0.0315572753395
-0.0839368742259 0.183966906703 0.979341733518
0.259558946493 -0.944847362548 0.199733327593
0
39.9015737761 116.31477413 0

00000022.jpg
C:\Users\86186\Desktop\VisualSFM_windows_cuda_64bit\最终数据\普通镜头\图像\3+2sa\sofa (5).jpg
812.643371582
323.758422852 247.555908203
1.80313677887 1.00104459554 0.753405591357
-1.92931969428 -0.0402996455526 -1.04743043825
-1.32118263158 -0.236029553352 -0.204242214389
0.778341730907 -0.611020683685 -0.109158972887 -0.0944579609896
0.958324477127 0.280437928286 -0.0544943658188
-0.0136443631318 0.235462866386 0.971787554391
0.285357569785 -0.930544031846 0.229476056772
0
39.9015737761 116.31477413 0

00000023.jpg
C:\Users\86186\Desktop\VisualSFM_windows_cuda_64bit\最终数据\普通镜头\图像\3+2sa\sofa (24).jpg
812.643371582
323.758422852 247.555908203
2.04437174994 0.191450948694 -0.0041143191373
-2.03958113818 -0.149361197 -0.184193797614
-1.44133160872 -0.0446436475024 -0.0466485101785
0.75088950876 -0.659766308524 -0.0204355294322 -0.0213532508219
0.998252722047 0.0590332178339 -0.00251335914321
-0.00510251024636 0.1285053818 0.991695795784
0.0588659394832 -0.989950601431 0.128582113616
0
39.9015737761 116.31477413 0

00000024.jpg
C:\Users\86186\Desktop\VisualSFM_windows_cuda_64bit\最终数据\普通镜头\图像\3+2sa\sofa (2).jpg
812.643371582
323.758422852 247.555908203
2.7560809113 1.00550821529 0.920137404718
-2.83449499989 -0.00364371258428 -1.19134175624
-1.37659988038 -0.167967617074 -0.222463745122
0.763378146155 -0.633102543489 -0.077248826699 -0.102311764572
0.967130569798 0.254018062052 0.0116075660747
-0.0583921986218 0.177426778207 0.982399980526
0.247487830547 -0.950786603373 0.186427428104
0
39.9015737761 116.31477413 0

00000025.jpg
C:\Users\86186\Desktop\VisualSFM_windows_cuda_64bit\最终数据\普通镜头\图像\3+2sa\sofa (6).jpg
812.643371582
323.758422852 247.555908203
1.61336090605 0.939910610589 0.463492899389
-1.64733290442 -0.03260446891 -0.99318854347
-1.34183267084 -0.126540722904 -0.130691632637
0.779421809858 -0.62082020362 -0.0585460758756 -0.0604665602114
0.98583217098 0.166951081175 -0.0161864722249
-0.021564742008 0.22185205272 0.974841642793
0.166341881451 -0.960681584016 0.22230920703
0
39.9015737761 116.31477413 0

00000026.jpg
C:\Users\86186\Desktop\VisualSFM_windows_cuda_64bit\最终数据\普通镜头\图像\3+2sa\sofa (31).jpg
812.643371582
323.758422852 247.555908203
2.76565679364 0.462206754515 1.39412915754
-3.00842434078 0.0258969071975 -0.868791712874
-1.31530943497 -0.251046036486 -0.374575327758
0.767907528025 -0.605941701716 -0.1156528331 -0.172560772004
0.913694551725 0.405179216106 0.0315020877174
-0.12486364735 0.206114994325 0.970528745689
0.386744812418 -0.890700031479 0.238918340341
0
39.9015769258 116.314751151 0

00000027.jpg
C:\Users\86186\Desktop\VisualSFM_windows_cuda_64bit\最终数据\普通镜头\图像\3+2sa\sofa (21).jpg
812.643371582
323.758422852 247.555908203
1.53333622838 -0.0199996693377 0.0474596533914
-1.53396703839 -3.46944695195e-018 0.0267877482822
-1.41841547283 -0.0307552136765 -0.0203349468074
0.758722054585 -0.651194563929 -0.0141197190402 -0.00933577437108
0.999426940546 0.0325558969946 -0.00926708344183
0.00422286534672 0.151717025867 0.988414752455
0.0335846855195 -0.98788795746 0.151492658044
0
39.9015737761 116.31477413 0

00000028.jpg
C:\Users\86186\Desktop\VisualSFM_windows_cuda_64bit\最终数据\普通镜头\图像\3+2sa\sofa (10).jpg
812.643371582
323.758422852 247.555908203
0.5662300754 0.569099162243 0.177948983264
-0.550575048254 0.0194332473266 -0.610447116484
-1.33628148751 -0.00217645357503 -0.0513305509247
0.784668957256 -0.619457335929 -0.00100893422977 -0.0237952008051
0.998865633749 0.0385926883581 0.027896867226
-0.0360927332556 0.231412724887 0.972185804944
0.031063584706 -0.972089962447 0.232543131287
0
39.9015737761 116.31477413 0

00000029.jpg
C:\Users\86186\Desktop\VisualSFM_windows_cuda_64bit\最终数据\普通镜头\图像\3+2sa\sofa (12).jpg
812.643371582
323.758422852 247.555908203
-0.0138293369692 0.415545486717 0.0136497782095
0.0124424710155 -0.0606166803998 -0.411371387764
-1.39264419807 0.027053387947 0.0289987611348
0.767025308081 -0.641356869946 0.0124589441001 0.0133548502191
0.999332819736 -0.0364682592943 0.00198219302025
0.00450577312049 0.17696610242 0.984206641587
-0.0362431087267 -0.983541161453 0.17701237079
0
39.9015737761 116.31477413 0

00000030.jpg
C:\Users\86186\Desktop\VisualSFM_windows_cuda_64bit\最终数据\普通镜头\图像\3+2sa\sofa (11).jpg
812.643371582
323.758422852 247.555908203
0.155688301007 0.592952489288 -0.0573673369717
-0.186118507253 -0.142428601093 -0.569382907274
-1.40233720848 0.0258777093735 0.086688194013
0.763147572362 -0.644883469544 0.0119002098095 0.0398647222549
0.996538015811 -0.0761938577459 -0.03325298688
0.0454968063009 0.165071812453 0.985231093384
-0.069579451787 -0.983333923573 0.167967040545
0
39.9015737761 116.31477413 0

00000031.jpg
C:\Users\86186\Desktop\VisualSFM_windows_cuda_64bit\最终数据\普通镜头\图像\3+2sa\sofa (30).jpg
812.643371582
323.758422852 247.555908203
2.82578599207 0.372589855209 1.21909906104
-3.03585365901 -0.0246762027307 -0.626957886425
-1.38226282831 -0.259203593771 -0.33807527066
0.749685080856 -0.632440077479 -0.1185959266 -0.154682847568
0.924016490127 0.381936548869 0.017835976004
-0.0819171434749 0.1521854101 0.984951254784
0.373474363292 -0.911572307701 0.171908981605
0
39.9015769258 116.314751151 0

