# Camera parameter file. 

# The format of each camera is as follows:
# Filename (of the undistorted image in visualize folder)
# Original filename
# Focal Length (of the undistorted image)
# 2-vec Principal Point (image center)
# 3-vec Translation T (as in P = K[R T])
# 3-vec Camera Position C (as in P = K[R -RC])
# 3-vec Axis Angle format of R
# 4-vec Quaternion format of R
# 3x3 Matrix format of R
# [Normalized radial distortion] = [radial distortion] * [focal length]^2
# 3-vec Lat/Lng/Alt from EXIF

# The nubmer of cameras in this reconstruction
36

00000000.jpg
C:\Users\86186\Desktop\VisualSFM_windows_cuda_64bit\最终数据\7free\1\sofa (8).jpg
415.245849609
326.249572754 254.034179688
-0.449739635558 0.561561022733 -0.570960861767
0.438721929965 -0.574011671625 -0.567138083677
-1.55377148804 -0.0382004251582 0.0154588896734
0.712908894141 -0.701010367222 -0.0172347698965 0.00697454034278
0.99930942384 0.0142188722726 -0.0343522604139
0.0341077196442 0.0170718360953 0.999272329718
0.014795022577 -0.999753772994 0.0165751054491
0
0 0 0

00000001.jpg
C:\Users\86186\Desktop\VisualSFM_windows_cuda_64bit\最终数据\7free\1\sofa (10).jpg
415.245849609
326.249572754 254.034179688
-1.49214812411 0.44607426895 -0.486334183509
1.43695404504 -0.53152395482 -0.560942603457
-1.53657336725 -0.0550146496724 0.0854706770843
0.717934296985 -0.694592582095 -0.0248688207042 0.0386361624864
0.995777295164 -0.0209288962162 -0.0893811628297
0.0900240083953 0.032096281113 0.995422145244
-0.0179644455933 -0.999265203227 0.0338450428709
0
0 0 0

00000002.jpg
C:\Users\86186\Desktop\VisualSFM_windows_cuda_64bit\最终数据\7free\1\sofa (9).jpg
415.245849609
326.249572754 254.034179688
-0.89428323094 0.578790505584 -0.742378327284
0.840493266438 -0.762574633106 -0.630806744192
-1.53970719183 -0.0654366296334 0.0690712016326
0.716989861415 -0.695756664317 -0.0295692397875 0.0312116154962
0.99630260468 -0.00361095367674 -0.0858329103087
0.0859026938 0.029897763294 0.99585470701
-0.00102952975909 -0.9995471903 0.030097477516
0
0 0 0

00000003.jpg
C:\Users\86186\Desktop\VisualSFM_windows_cuda_64bit\最终数据\7free\1\sofa (7).jpg
415.245849609
326.249572754 254.034179688
-0.00550519213526 0.617005211916 -0.696552864846
0.0133378291406 -0.700735832441 -0.612129982983
-1.56354186066 -0.0282545210791 -0.00754985546306
0.709570615053 -0.704511099579 -0.0127311101892 -0.00340186413154
0.999652586966 0.0227663709293 -0.0132736654649
0.0131109196327 0.00730510004297 0.999887531696
0.0228608212841 -0.999713965265 0.00700414397958
0
0 0 0

00000004.jpg
C:\Users\86186\Desktop\VisualSFM_windows_cuda_64bit\最终数据\7free\1\sofa (6).jpg
415.245849609
326.249572754 254.034179688
0.454954599764 0.674843965338 -0.778798548137
-0.405245248205 -0.809729617848 -0.670105299699
-1.56339477888 -0.0466809578382 -0.0492918453105
0.709199201692 -0.704343856704 -0.0210308018951 -0.0222070643315
0.998130049594 0.0611240073723 0.00145234031967
-0.00187292181099 0.0068111229627 0.99997387024
0.0611124519795 -0.998106533323 0.00691285816432
0
0 0 0

00000005.jpg
C:\Users\86186\Desktop\VisualSFM_windows_cuda_64bit\最终数据\7free\1\sofa (11).jpg
415.245849609
326.249572754 254.034179688
-2.09434962809 0.312212070453 -0.169624581526
2.04753574541 -0.287590879712 -0.487276205604
-1.54149960476 -0.0281570641625 0.108799220262
0.715961878272 -0.696291377976 -0.0127184729369 0.0491443259311
0.994846119315 -0.052659466972 -0.0866495320087
0.0880823886283 0.0255263544865 0.995785875418
-0.050225764918 -0.998286455782 0.0300331707538
0
0 0 0

00000006.jpg
C:\Users\86186\Desktop\VisualSFM_windows_cuda_64bit\最终数据\7free\1\sofa (12).jpg
415.245849609
326.249572754 254.034179688
-2.48969634997 0.170239800024 0.0761285630121
2.45009175768 -0.141084072382 -0.458816157341
-1.56069402272 -0.0234079078195 0.159735475231
0.707734169745 -0.702729462891 -0.0105398151399 0.071923659013
0.989431725123 -0.0869924941524 -0.116004153864
0.116618830234 0.00199752992592 0.993175170104
-0.0861666045945 -0.996207441793 0.0121213650498
0
0 0 0

00000007.jpg
C:\Users\86186\Desktop\VisualSFM_windows_cuda_64bit\最终数据\7free\1\sofa (13).jpg
415.245849609
326.249572754 254.034179688
-3.06806093954 0.0164183141841 0.257610912471
3.05800568774 0.00379769017566 -0.358083868595
-1.56387666224 -0.0225349260419 0.151993647862
0.7068909884 -0.703933133344 -0.0101434348893 0.0684154750634
0.990432551432 -0.0824440579425 -0.110660279342
0.111005073215 -0.000404353670933 0.993820037833
-0.0819790684833 -0.996595915753 0.00875128016114
0
0 0 0

00000008.jpg
C:\Users\86186\Desktop\VisualSFM_windows_cuda_64bit\最终数据\7free\1\sofa (14).jpg
415.245849609
326.249572754 254.034179688
-3.74175091155 -0.203421929952 0.4947236444
3.76316688391 -0.0231653821417 -0.353369103121
-1.58582047021 -0.00884115743007 0.226088961592
0.69603203206 -0.710812299925 -0.00396287194228 0.101339853909
0.97942911495 -0.135437875644 -0.149583623531
0.146705262137 -0.0310474197327 0.988693342095
-0.138550480288 -0.990299176026 -0.0105393366032
0
0 0 0

00000009.jpg
C:\Users\86186\Desktop\VisualSFM_windows_cuda_64bit\最终数据\7free\1\sofa (15).jpg
415.245849609
326.249572754 254.034179688
-3.75369113202 -0.553352473531 0.317854693366
3.80446730508 -0.132494140812 0.0768427939316
-1.53323867137 -0.00259270907109 0.192737184326
0.716061134176 -0.692586370313 -0.00117116467146 0.087062209824
0.984837489785 -0.123061346199 -0.122273091959
0.126306112643 0.0254898865443 0.991664335292
-0.118918589947 -0.992072392074 0.0406468151808
0
0 0 0

00000010.jpg
C:\Users\86186\Desktop\VisualSFM_windows_cuda_64bit\最终数据\7free\1\sofa (19).jpg
415.245849609
326.249572754 254.034179688
-3.23190516375 -0.655226966121 -0.0998441192495
3.2750968168 -0.167193828266 0.360956236523
-1.45491410177 -0.0436380251242 0.103217496609
0.74543329097 -0.66461172529 -0.0199340587398 0.047150246477
0.994758975556 -0.0437979895739 -0.0923922092096
0.0967914640316 0.112136330645 0.988967682686
-0.0329541651744 -0.992727139716 0.115787858944
0
0 0 0

00000011.jpg
C:\Users\86186\Desktop\VisualSFM_windows_cuda_64bit\最终数据\7free\1\sofa (18).jpg
415.245849609
326.249572754 254.034179688
-3.00929336766 -0.361227975188 -0.29980847513
3.01660731528 -0.155034366272 0.390217822319
-1.46732768878 -0.0257931803391 -0.028605171847
0.742556758151 -0.669552375574 -0.0117696171767 -0.0130527495054
0.999381706114 0.0351457415068 -4.33680868994e-017
-0.00362388792385 0.103058364826 0.994668587872
0.0349584351016 -0.994053977801 0.103122085363
0
0 0 0

00000012.jpg
C:\Users\86186\Desktop\VisualSFM_windows_cuda_64bit\最终数据\7free\1\sofa (16).jpg
415.245849609
326.249572754 254.034179688
-3.60659641342 -0.718830789067 0.107727075598
3.66751210785 -0.147564013473 0.251851823499
-1.51385270041 -0.0399121815858 0.160299695004
0.723857231617 -0.685878217529 -0.0180829323463 0.0726266624553
0.988797221333 -0.0803375370273 -0.125805312783
0.129947802279 0.0485923338151 0.990328865432
-0.073447467392 -0.995582765634 0.0584876119066
0
0 0 0

00000013.jpg
C:\Users\86186\Desktop\VisualSFM_windows_cuda_64bit\最终数据\7free\1\sofa (17).jpg
415.245849609
326.249572754 254.034179688
-3.50895116005 -0.72490784685 0.0383075098481
3.5609730706 -0.13164350351 0.376606225787
-1.5109969269 -0.0328175361333 0.121702347063
0.726128130725 -0.685179537268 -0.0148815022862 0.0551873775256
0.993465959604 -0.0597530648242 -0.0972380936636
0.100539364305 0.0549670113607 0.993414081768
-0.0540145839136 -0.996698464662 0.0606152779573
0
0 0 0

00000014.jpg
C:\Users\86186\Desktop\VisualSFM_windows_cuda_64bit\最终数据\7free\1\sofa (5).jpg
415.245849609
326.249572754 254.034179688
1.08042810744 0.66113571678 -0.942177275846
-1.02518402435 -0.987630994165 -0.682427169449
-1.58174735688 -0.0319016008167 -0.0473755900804
0.702857720444 -0.710866972636 -0.0143371786248 -0.0212914800527
0.998682204683 0.0503133645659 0.0101168708426
-0.00954615997302 -0.0115708786544 0.999886986354
0.0504248575859 -0.998666373349 -0.0110754252785
0
0 0 0

00000015.jpg
C:\Users\86186\Desktop\VisualSFM_windows_cuda_64bit\最终数据\7free\1\sofa (4).jpg
415.245849609
326.249572754 254.034179688
1.48735582718 0.704075972213 -1.07270877953
-1.43098388018 -1.14031126644 -0.714584638671
-1.60402675907 -0.0640907869754 -0.0349488491784
0.694663841325 -0.718590429208 -0.0287121308049 -0.0156567890089
0.997860796361 0.0630169482307 -0.0173888752312
0.0195121274477 -0.0332354076981 0.999256216224
0.062392241079 -0.997458935348 -0.0343939788855
0
0 0 0

00000016.jpg
C:\Users\86186\Desktop\VisualSFM_windows_cuda_64bit\最终数据\7free\1\sofa (32).jpg
415.245849609
326.249572754 254.034179688
1.8516945622 0.547540600933 0.176313801482
-1.84547211777 -0.0216916358801 -0.594491285244
-1.60580154118 -0.0722363345776 -0.114727852035
0.692565338772 -0.718798070007 -0.0323348412286 -0.051355137297
0.99263443375 0.117618052286 0.029040061718
-0.0246490999536 -0.0386154981102 0.998950658639
0.118616022797 -0.992307856814 -0.0354319417656
0
0 0 0

00000017.jpg
C:\Users\86186\Desktop\VisualSFM_windows_cuda_64bit\最终数据\7free\1\sofa (33).jpg
415.245849609
326.249572754 254.034179688
2.14657154305 0.607161660616 -0.0344711249823
-2.07239824405 -0.345876012565 -0.750425794802
-1.61007797828 -0.0769841180211 -0.177781019882
0.688885348201 -0.719678924345 -0.0344106608479 -0.0794652525431
0.985002349907 0.159014110784 0.0669689614714
-0.0599556818884 -0.0485057675174 0.997021553791
0.161788961791 -0.986083511769 -0.0382444905257
0
0 0 0

00000018.jpg
C:\Users\86186\Desktop\VisualSFM_windows_cuda_64bit\最终数据\7free\1\sofa (35).jpg
415.245849609
326.249572754 254.034179688
2.63848676506 0.737367048419 -0.25880397912
-2.4563746706 -0.765825458139 -0.975724420805
-1.59171913868 -0.0947082873254 -0.232620281953
0.69260186346 -0.712504561059 -0.0423944683767 -0.104128302449
0.974719755712 0.204651533406 0.0896590164189
-0.083826291854 -0.0370105945723 0.99579293424
0.207108967611 -0.978135012612 -0.018919796067
0
0 0 0

00000019.jpg
C:\Users\86186\Desktop\VisualSFM_windows_cuda_64bit\最终数据\7free\1\sofa (36).jpg
415.245849609
326.249572754 254.034179688
2.66948160849 0.512771287914 -0.380162995706
-2.46787050862 -0.913163896177 -0.780602610465
-1.62661055481 -0.106890180351 -0.245653083749
0.679098689554 -0.724289240855 -0.0475955399111 -0.109383211006
0.971539725823 0.217509831187 0.09380604842
-0.0796181498275 -0.0731191126855 0.994140033925
0.223094323549 -0.973315463364 -0.0537204925217
0
0 0 0

00000020.jpg
C:\Users\86186\Desktop\VisualSFM_windows_cuda_64bit\最终数据\7free\1\sofa (34).jpg
415.245849609
326.249572754 254.034179688
2.27588513768 0.596446306225 -0.220390275776
-2.13698494427 -0.59032081584 -0.817795224471
-1.61513312884 -0.0731124072411 -0.216521769759
0.685424079602 -0.720962909582 -0.0326359065454 -0.0966509585659
0.97918713406 0.179552181739 0.0946246466672
-0.0854353955317 -0.0582575018494 0.994639063503
0.184102391491 -0.982022291406 -0.0417049566191
0
0 0 0

00000021.jpg
C:\Users\86186\Desktop\VisualSFM_windows_cuda_64bit\最终数据\7free\1\sofa (3).jpg
415.245849609
326.249572754 254.034179688
2.06769991965 0.900108028443 -1.0487647728
-2.01802667474 -1.19668954384 -0.82521943361
-1.60851251016 -0.116213298747 -0.0242441034423
0.692069817699 -0.719872591875 -0.0520100204701 -0.0108501895214
0.994354408477 0.0898994947606 -0.0563675360504
0.0598631400244 -0.036668627295 0.997532952309
0.0876107254907 -0.995275421395 -0.0418432508995
0
0 0 0

00000022.jpg
C:\Users\86186\Desktop\VisualSFM_windows_cuda_64bit\最终数据\7free\1\sofa (2).jpg
415.245849609
326.249572754 254.034179688
2.57357594734 0.994041756634 -1.21656075124
-2.42954536347 -1.51240833565 -0.949398749747
-1.6161133693 -0.143037755821 -0.0732343555466
0.688018401547 -0.722132194434 -0.0639139372649 -0.0327235000239
0.989688710356 0.137337320829 -0.0406865703264
0.0472798401107 -0.0450915319938 0.997863173312
0.135209289488 -0.989497779169 -0.0511198948918
0
0 0 0

00000023.jpg
C:\Users\86186\Desktop\VisualSFM_windows_cuda_64bit\最终数据\7free\1\sofa (1).jpg
415.245849609
326.249572754 254.034179688
3.48264291698 0.579237488462 -0.95677322921
-2.95228838726 -2.00596585147 -0.799884264791
-1.53021219516 -0.186214967308 -0.310746100093
0.70650050498 -0.688676116832 -0.0838065472144 -0.139852118687
0.946836293073 0.31304235897 0.0742067881124
-0.0821800109279 0.0123327304385 0.996541098958
0.311044259823 -0.949658998281 0.0374028306369
0
0 0 0

00000024.jpg
C:\Users\86186\Desktop\VisualSFM_windows_cuda_64bit\最终数据\7free\1\sofa (31).jpg
415.245849609
326.249572754 254.034179688
1.53959343406 0.316521453375 0.115341206113
-1.53366921883 0 -0.36289868099
-1.5628916737 -0.0341854253443 -0.0811084082417
0.709023314687 -0.704069394626 -0.0154002431085 -0.036538647464
0.996855633211 0.0734992341492 0.0296133173014
-0.0301277776073 0.00590239937445 0.999528291294
0.0732898429644 -0.997278172496 0.0080982104914
0
0 0 0

00000025.jpg
C:\Users\86186\Desktop\VisualSFM_windows_cuda_64bit\最终数据\7free\1\sofa (30).jpg
415.245849609
326.249572754 254.034179688
1.25612223411 -0.0416552390125 0.0690708875752
-1.25733102637 0.0158959134321 -0.0566926142299
-1.58109317748 0.0285044187008 -0.0951314470005
0.702348749723 -0.710432888348 0.0128078956995 -0.0427454305844
0.996017893503 0.0418459423459 0.0787265382939
-0.0782428565635 -0.0130845763783 0.996848383349
0.0427441001694 -0.999038220226 -0.00975825217356
0
0 0 0

00000026.jpg
C:\Users\86186\Desktop\VisualSFM_windows_cuda_64bit\最终数据\7free\1\sofa (28).jpg
415.245849609
326.249572754 254.034179688
0.727633322971 -0.76666612645 0.0286885266509
-0.795679645782 0 0.696378976629
-1.56922054196 0.0427340238548 -0.102083766476
0.706285259731 -0.706173167059 0.019230962226 -0.045939251208
0.995039855212 0.037731500529 0.0920470587345
-0.0920533633563 -0.00158281109385 0.995752545917
0.0377168781317 -0.999286248927 0.00189842833468
0
0 0 0

00000027.jpg
C:\Users\86186\Desktop\VisualSFM_windows_cuda_64bit\最终数据\7free\1\sofa (27).jpg
415.245849609
326.249572754 254.034179688
0.0559188546208 -0.876143812681 -0.0282352492938
-0.116643842069 -0.0689161014044 0.867869182471
-1.61965539617 0.0779449639514 -0.0294067789062
0.688847592213 -0.723949207239 0.0348396300807 -0.0131441628429
0.997226864498 -0.0323356226025 0.067029771764
-0.0685529223064 -0.0485504099488 0.996465422359
-0.0289670094147 -0.998297250806 -0.0506324333591
0
0 0 0

00000028.jpg
C:\Users\86186\Desktop\VisualSFM_windows_cuda_64bit\最终数据\7free\1\sofa (25).jpg
415.245849609
326.249572754 254.034179688
-0.0382173251926 -0.909334652033 0.0490441907204
-0.00449615459432 0.00737605215715 0.911416994831
-1.61525762918 0.0691726414527 -0.00687428451531
0.690673508339 -0.722497975953 0.0309406329603 -0.00307483868746
0.998066604228 -0.0404616857632 0.0471828314471
-0.0489565242586 -0.0440256465338 0.997830056445
-0.0382966706206 -0.998210790832 -0.0459213772097
0
0 0 0

00000029.jpg
C:\Users\86186\Desktop\VisualSFM_windows_cuda_64bit\最终数据\7free\1\sofa (26).jpg
415.245849609
326.249572754 254.034179688
-0.27869307038 -0.918501886451 0.0591295732456
0.250637958885 0.0168895748835 0.928281851272
-1.6028758461 0.0617726842786 0.0108630818405
0.695233786794 -0.718234053187 0.0276797766425 0.0048676479338
0.998420401017 -0.0465294060253 0.0314956936921
-0.0329927928021 -0.0317676943348 0.998950560412
-0.0454799700391 -0.998411761997 -0.0332526334795
0
0 0 0

00000030.jpg
C:\Users\86186\Desktop\VisualSFM_windows_cuda_64bit\最终数据\7free\1\sofa (24).jpg
415.245849609
326.249572754 254.034179688
-0.591061238834 -0.896470098226 0.011587491058
0.543766587164 -0.00857647470361 0.925954006796
-1.5948182345 0.0379893709144 -0.0437784637826
0.698186019206 -0.715443884305 0.0170422324634 -0.0196392501038
0.998647922784 0.0030381512907 0.0518988225737
-0.05180924811 -0.0244917949555 0.998356480138
0.00430422880563 -0.999695190052 -0.0243012581723
0
0 0 0

00000031.jpg
C:\Users\86186\Desktop\VisualSFM_windows_cuda_64bit\最终数据\7free\1\sofa (29).jpg
415.245849609
326.249572754 254.034179688
0.518193644561 -0.842013895303 -0.123440024708
-0.580551451891 -0.147939091384 0.796130210615
-1.60957036678 0.0695997714092 -0.0467809366268
0.692479019138 -0.720460868303 0.0311536002265 -0.0209396463291
0.997182184408 -0.0158894438048 0.0733187231678
-0.073890506809 -0.0390046183983 0.99650325526
-0.0129741349421 -0.999112886378 -0.040068798225
0
0 0 0

00000032.jpg
C:\Users\86186\Desktop\VisualSFM_windows_cuda_64bit\最终数据\7free\1\sofa (23).jpg
415.245849609
326.249572754 254.034179688
-0.860899135983 -0.89598829507 -0.0172441681569
0.819477926515 -0.0216660060198 0.933930602799
-1.59750417779 0.0169732563206 -0.0551933387557
0.697227514255 -0.716382055339 0.00761145818447 -0.0247508069203
0.998658946009 0.0236084182188 0.0460758793151
-0.0454193561205 -0.0276317184938 0.998585744029
0.0248482070359 -0.999339374774 -0.026522400977
0
0 0 0

00000033.jpg
C:\Users\86186\Desktop\VisualSFM_windows_cuda_64bit\最终数据\7free\1\sofa (21).jpg
415.245849609
326.249572754 254.034179688
-1.26118149776 -0.867054297211 -0.0975796882723
1.22036616423 -0.0242211937897 0.928441549261
-1.57832195302 -0.0120835506974 -0.0904960332751
0.703504153564 -0.709505120964 -0.00543193426593 -0.0406807995751
0.996631075698 0.0649461411159 0.0500836351689
-0.0495303047696 -0.0101047680215 0.998721628142
0.0653691884407 -0.997837570149 -0.00685393135021
0
0 0 0

00000034.jpg
C:\Users\86186\Desktop\VisualSFM_windows_cuda_64bit\最终数据\7free\1\sofa (20).jpg
415.245849609
326.249572754 254.034179688
-2.17062084745 -0.647197003635 -0.168733415486
2.14615759182 0.0109601650768 0.743517399958
-1.55743597655 -0.0275352754305 -0.0967653459797
0.710673639141 -0.702058551799 -0.0124123083602 -0.043619731203
0.995886449823 0.0794270593585 0.0436049632371
-0.044570513091 0.0104221939689 0.998951900456
0.078889364647 -0.99678612313 0.0139194416863
0
0 0 0

00000035.jpg
C:\Users\86186\Desktop\VisualSFM_windows_cuda_64bit\最终数据\7free\1\sofa (22).jpg
415.245849609
326.249572754 254.034179688
-1.74715126505 -0.665503934789 -0.131156293762
1.70881369585 0 0.769799569657
-1.57484738272 -0.0138218849704 -0.108941262088
0.704317006988 -0.708165983566 -0.00621532528941 -0.0489879189972
0.995123008033 0.0778090131447 0.0606280409955
-0.0602030848021 -0.00779779070982 0.998155651053
0.0781382782167 -0.996937732931 -0.00307543199319
0
0 0 0

