# Bundle file v0.3
32 12604
813.63671875 0 0
0.938294073343 0.344443654362 0.0310405136893
0.109114490746 -0.209673155317 -0.971664526852
-0.328175091312 0.915093610465 -0.234318798196
0.0265973996127 0.160465117908 0.104319243213
813.63671875 0 0
0.926913338417 0.371468773285 0.0533165812534
0.1805111069 -0.316773794681 -0.931165965068
-0.329009610145 0.872734141669 -0.360676088091
0.309079639972 -0.989119482715 -0.338713290998
813.63671875 0 0
0.94405833933 0.325008648506 0.0558903587888
0.120356623003 -0.181772502709 -0.975947722375
-0.307031828784 0.928077775456 -0.210720661538
-0.374573523852 0.398594888406 0.416671731029
813.63671875 0 0
0.976025976229 0.217600398346 0.00481859506445
0.0528951414229 -0.215665050421 -0.975033606235
-0.211128479444 0.951913200002 -0.222004744984
-0.685278178194 0.406796219457 0.559592759579
813.63671875 0 0
0.985056907606 0.172202751764 0.00300744800945
0.0371885919106 -0.19561636633 -0.979975071343
-0.168166191526 0.965443383395 -0.199097265636
-0.926711487727 0.49949520783 0.488975703332
813.63671875 0 0
0.96651713988 0.254645734691 0.0316165679538
0.0743453527969 -0.159968861959 -0.984319010741
-0.245594816536 0.953711475915 -0.173544381383
-0.169283872107 0.344218193457 0.260964256188
813.63671875 0 0
0.999245735846 0.0374904834842 -0.0101435978472
-0.00350787580791 -0.172986441449 -0.984918027928
-0.0386794153432 0.984210562348 -0.17272444654
-1.70263072679 0.784793684692 0.302079362902
813.63671875 0 0
0.966429050158 0.252690907191 -0.0465034514747
0.0247441648543 -0.271687518807 -0.962066983352
-0.255739895377 0.928618857765 -0.268819447625
-1.13744062367 -0.817954278233 0.0634657792785
813.63671875 0 0
0.92272068665 0.385315195187 0.010881585627
0.157603224539 -0.351352088847 -0.922882720213
-0.351777686335 0.853278266653 -0.384927032813
0.245717792653 -1.08272462031 -0.344450729176
813.63671875 0 0
0.958135434411 0.285118683145 0.0261500748749
0.0945200528453 -0.228770097691 -0.968881259641
-0.270263578942 0.930790734979 -0.246142063958
-0.692152919803 -0.987512561332 0.0649026551515
813.63671875 0 0
0.999762239965 0.00548284969341 0.0211160470255
0.0217702270818 -0.187876902963 -0.981951273101
-0.00141651944916 0.982177225838 -0.187951515104
-2.83421791246 0.956631660574 0.215019927989
813.63671875 0 0
0.998155211331 0.0485446317328 0.0364664665792
0.0445050049653 -0.176442325239 -0.983304396907
-0.0412998786373 0.983113143721 -0.178277243094
-3.01300928342 0.944102711627 0.272530315266
813.63671875 0 0
0.996364308774 0.0808970889526 -0.0267281058231
-0.00737688975408 -0.230622819916 -0.973015231437
-0.0848782775451 0.969675077537 -0.229187637351
-3.24441551166 1.16294418232 0.425117529372
813.63671875 0 0
0.996679477893 0.0811136867557 -0.00708655664027
0.00838975318017 -0.188879109406 -0.981964418661
-0.0809892039381 0.978644588457 -0.188932444282
-3.57918140481 1.10900078657 0.40841546942
813.63671875 0 0
0.999104265179 0.0115451304686 0.0406980229366
0.0422039117625 -0.20590674624 -0.977660917596
-0.00290739114927 0.978503554744 -0.206209769915
-4.31701876016 1.03316872893 0.252202207424
813.63671875 0 0
0.996542907378 0.0233122352982 0.079736089325
0.0825751305615 -0.17293461151 -0.981465722123
-0.00909106001255 0.98465713406 -0.174261858467
-4.69644915154 0.626407536635 0.221168823828
813.63671875 0 0
0.997583737514 -0.0606889252319 0.0338094701145
0.0182672184302 -0.24039175683 -0.970504114712
0.0670262652793 0.968776594444 -0.238702305996
-4.9312074242 0.643061400387 -0.149345717757
813.63671875 0 0
0.99881150364 -0.0458328356673 0.0165525695364
0.00709634961412 -0.199253642385 -0.979922251483
0.0482107248313 0.97887547922 -0.198691675413
-5.0276540343 0.516613335013 -0.137254370835
813.63671875 0 0
0.998500681098 0.0547447888856 0.000424860155954
0.0148667275208 -0.263672269643 -0.964497494332
-0.0526890911677 0.963057177395 -0.264090682528
-3.37890844534 -0.201777229804 0.136828892704
813.63671875 0 0
0.99465027223 0.0973839872097 -0.0344417114639
-0.00556437462398 -0.282430726633 -0.959271407147
-0.103145143582 0.954331866438 -0.28037809229
-2.82208146677 -0.34408600558 0.333436665625
813.63671875 0 0
0.986865706463 0.161544480512 6.93889390391e-018
0.0478755299049 -0.292468287233 -0.955075766082
-0.154287215107 0.942531356074 -0.296360811795
-2.30108818518 -0.518046867148 0.24608036453
813.63671875 0 0
0.999641266088 -0.0196518318944 -0.0182001841731
-0.0216368644026 -0.191924441364 -0.981171191506
0.0157887197331 0.98121293474 -0.192280796754
-1.92710391708 0.936246980256 0.154116184819
813.63671875 0 0
0.955122924812 0.289991168828 -0.0603727112709
0.0246629250149 -0.280966316105 -0.95940015824
-0.295180429409 0.914856563254 -0.275509549431
-1.5105660304 -0.758002856356 0.414589286669
813.63671875 0 0
0.99745541824 0.0712403219561 0.00268461874272
0.0151986724742 -0.175707503145 -0.984325176787
-0.069651798731 0.981860981619 -0.176343080804
-1.38500007671 0.580517079177 0.470246920184
813.63671875 0 0
0.963666595832 0.267014877785 0.00703776741263
0.0690020968954 -0.223404690856 -0.972280088658
-0.258041138131 0.937439827859 -0.233712388873
-0.111169599714 -0.960523202379 -0.0604528636575
813.63671875 0 0
0.983943293805 0.177704889757 -0.0166508168462
0.0321597804139 -0.268281099699 -0.962803754861
-0.175561806831 0.946808437981 -0.269688215085
-1.9907623216 -0.700395775236 0.311986275395
813.63671875 0 0
0.908714138636 0.416941856908 0.0199685995323
0.135973349122 -0.250443353787 -0.958535318827
-0.394652351679 0.873749554171 -0.284274377107
0.133332130104 -0.423850214537 -0.132325177371
813.63671875 0 0
0.999069286155 0.0430643652208 -0.00242492009515
0.00616201606174 -0.19814597303 -0.980153089199
-0.0426901357587 0.979226040809 -0.198226924949
-2.20430794683 0.957589064837 0.290708687362
813.63671875 0 0
0.998167472096 0.0498828123362 0.0342567103961
0.0467246403852 -0.275605204759 -0.960134565388
-0.0384528598564 0.95997578828 -0.277430927314
-3.76915045318 -0.170623932903 0.146541206425
813.63671875 0 0
0.997404173584 -0.0684823385755 -0.0222544474372
-0.0362682303834 -0.210778425752 -0.976861086942
0.0622069292377 0.975132337004 -0.212714970914
-4.36293267316 0.19016198498 -0.0119742304044
813.63671875 0 0
0.999626122082 -0.0250226252913 0.011027474914
0.00519577983435 -0.222119780305 -0.975005525114
0.0268466486251 0.974698319002 -0.221906736103
-4.65713630353 0.27706561953 0.0494333275755
813.63671875 0 0
0.92084534037 0.389820936415 0.00912678211964
0.0927802640284 -0.196313728883 -0.976141597442
-0.378728815232 0.899722336797 -0.216942294197
0.159595220905 -0.0559532627902 0.0130632824237
2.7914763103 -7.55478484085 0.930113066211
154 150 145
2 0 1783 7.44857788086 117.405227661 23 1364 96.1562805176 115.168960571
1.19761598412 -6.57479195424 2.28987182065
212 216 219
19 0 9 -123.589736938 -66.5399169922 1 9 -100.040420532 -91.6516952515 2 6 -156.237762451 -62.8814048767 5 10 -75.4713745117 -94.388458252 6 8 -95.7464752197 -41.3008728027 7 4 -203.991729736 -140.006896973 8 14 -129.480163574 -77.7179870605 9 2 -159.64630127 -185.306427002 11 3 -250.523330688 -11.3250732422 19 7 -284.32989502 -82.8131103516 18 8 -301.647766113 -77.5786132813 20 9 -260.111083984 -85.995880127 21 8 -78.0137176514 -8.52206420898 23 9 -83.9542236328 -63.425201416 24 7 -80.4802856445 -188.131103516 25 4 -244.029129028 -132.483306885 26 9 -171.709579468 -92.8051681519 27 7 -159.378112793 2.23397827148 31 3 -151.513504028 -105.52545166
0.266463120609 -6.55241518008 2.02738105983
147 146 138
13 0 10 -241.278869629 -50.92395401 1 11 -209.355865479 -89.2052688599 3 10 -241.789886475 -18.6430664063 4 11 -231.117874146 -25.5725097656 5 15 -192.417556763 -74.3361816406 6 13 -212.039138794 -10.0978088379 8 13 -240.785583496 -72.9144287109 21 14 -190.701919556 24.0741405487 23 14 -201.922088623 -33.2943725586 24 8 -192.545562744 -174.949890137 27 14 -275.881103516 33.0655059814 31 4 -269.912780762 -91.5725402832 9 3 -279.48614502 -176.125366211
1.54757301123 -5.58409395873 3.01279002846
85 93 103
2 12 346 -313.294799805 -68.7122192383 28 599 -319.154632568 -193.558288574
-0.0964480516705 -6.81370480081 2.13164009322
10 10 6
3 0 14 -289.01373291 -60.7083740234 1 23 -254.309616089 -96.6767272949 8 23 -286.921356201 -78.4985961914
-0.0904575408432 -6.82852836479 2.12995623832
10 10 6
10 0 15 -289.01373291 -60.7083740234 1 24 -254.309616089 -96.6767272949 3 21 -285.982147217 -24.7958068848 4 21 -273.549957275 -31.8001708984 5 21 -237.939498901 -82.3271484375 6 85 -247.652435303 -14.7177438736 8 24 -286.921356201 -78.4985961914 21 85 -224.133880615 20.2981853485 23 61 -239.903137207 -38.1732177734 24 17 -235.816558838 -178.637451172
7.05851126715 -8.73907959977 2.35146765003
123 128 124
2 0 7104 280.919525146 35.5600128174 19 5571 282.830841064 -14.2635498047
1.32663616302 -6.92294750215 1.51540042198
12 17 16
25 0 17 -124.014343262 34.5503234863 1 19 -104.963500977 3.82450866699 2 27 -156.20652771 42.5011444092 3 17 -109.853546143 61.5612487793 4 19 -98.5863494873 51.7667045593 5 23 -71.5659942627 9.02833557129 6 17 -79.0034484863 59.0865020752 7 7 -191.467559814 -41.8505249023 8 22 -131.225830078 17.6702270508 9 8 -154.538467407 -85.5411682129 10 6 -180.411804199 95.1001739502 11 6 -235.2918396 87.8996887207 18 10 -284.108459473 20.4959087372 19 9 -266.944488525 17.2624206543 20 11 -248.553222656 14.0150766373 21 16 -58.616607666 88.8021697998 22 4 -283.763977051 -28.939239502 12 10 -302.061981201 150.726608276 23 19 -67.3734741211 40.1457977295 24 14 -74.7212982178 -89.3857421875 25 5 -229.572265625 -32.2515258789 26 16 -172.430511475 5.13209533691 27 17 -141.754547119 101.145401001 29 4 -300.295013428 10.1105804443 31 11 -149.363082886 -5.32829332352
0.30732381223 -6.67630991709 1.76206066509
41 64 85
15 0 18 -240.899810791 -14.8754577637 1 21 -211.112091064 -54.7706298828 3 23 -237.478302002 18.9771881104 4 34 -226.303466797 11.5697021484 5 26 -189.74647522 -37.4183349609 6 72 -205.648895264 25.234041214 8 25 -241.22668457 -38.0735473633 9 12 -276.404144287 -139.503875732 2 26 -281.584136963 -9.41680908203 21 79 -183.819396973 58.1533317566 23 64 -195.903427124 2.91886901855 24 21 -189.247055054 -139.283508301 26 18 -288.92767334 -48.6488952637 27 61 -270.847564697 67.8847045898 31 8 -267.837036133 -54.8027648926
1.99695312376 -7.52301288564 0.376786264982
63 65 63
6 0 21 -73.4895477295 172.136398315 1 26 -64.3565673828 148.644500732 5 31 -15.7545166016 143.847930908 8 30 -85.329208374 163.436019897 9 19 -98.6041870117 59.9399414063 26 23 -126.895568848 147.260360718
1.61630802237 -7.51727604734 0.370976114385
65 68 68
19 0 22 -113.63911438 170.57220459 1 31 -103.683944702 143.604980469 2 29 -144.47694397 181.964706421 5 36 -55.6864624023 143.066070557 6 38 -42.0322875977 192.821395874 7 15 -163.073394775 99.1827392578 8 32 -124.182907104 161.902069092 9 22 -139.170944214 57.1240386963 18 30 -242.859130859 160.810211182 19 29 -223.868377686 160.584991455 20 22 -217.469696045 159.364059448 22 6 -251.332626343 122.533721924 23 40 -35.5657043457 179.399337769 24 29 -59.4845275879 51.507598877 25 16 -197.294799805 114.719207764 26 26 -166.853134155 144.582183838 28 31 -284.450897217 183.592269897 29 45 -248.413299561 150.753356934 31 17 -140.254974365 131.898406982
0.848011157652 -7.38728339078 0.601083882392
83 84 81
14 0 24 -196.964660645 139.374053955 1 25 -181.887039185 106.259002686 4 43 -158.62387085 161.01991272 5 37 -138.698120117 112.882675171 7 14 -249.966140747 71.4673156738 8 28 -206.212875366 123.796005249 9 15 -222.431640625 23.4415283203 21 72 -104.419235229 195.792785645 23 68 -122.885025024 151.711380005 24 28 -139.753128052 20.2256622314 25 9 -289.360778809 87.0901184082 26 22 -249.692352295 112.425987244 27 56 -194.528091431 213.570587158 31 18 -221.787963867 104.137969971
2.312939315 -7.5841662354 1.40770951845
57 64 58
31 0 27 -38.2348937988 65.2003326416 1 33 -28.3528442383 51.1331787109 2 33 -61.8117370605 72.9340820313 3 27 -8.37393188477 86.135559082 4 30 5.30603027344 74.8564453125 5 32 18.7282104492 35.8447265625 6 27 33.4687805176 76.1510772705 7 19 -90.5053863525 -5.43081665039 8 42 -52.1500244141 64.1855316162 9 21 -61.3985595703 -40.5575561523 10 22 -57.9631347656 113.664108276 11 28 -109.956436157 107.783126831 12 20 -173.124725342 166.523101807 13 16 -206.858840942 129.213973999 14 21 -220.803741455 142.799942017 16 24 -224.392745972 121.600814819 17 29 -246.907821655 70.3726501465 18 17 -156.940612793 50.5060005188 19 23 -141.466339111 47.3802947998 20 26 -131.816009521 49.6627502441 21 27 53.9872436523 103.698646545 22 10 -169.481491089 8.78125 23 36 41.9472961426 61.8892784119 24 30 9.85513305664 -48.2199440002 25 19 -115.412734985 5.20085144043 26 31 -90.712677002 44.0820770264 27 19 -24.2442932129 118.08971405 28 27 -191.3646698 72.4627685547 29 27 -169.022583008 35.6551971436 30 17 -230.016784668 65.1464385986 31 20 -66.6403503418 27.6679840088
2.32733309442 -7.55769797141 1.0640869843
62 63 60
28 0 29 -37.2594604492 99.5643463135 1 34 -28.2392883301 83.5093536377 2 35 -62.8986816406 109.770080566 3 29 -6.681640625 123.564331055 4 27 6.44784545898 112.364486694 5 35 19.2881774902 71.8209686279 6 28 35.7192687988 113.736938477 7 18 -87.6627349854 27.6030712128 8 41 -51.108215332 96.2978973389 9 23 -60.6240234375 -7.72314453125 10 26 -57.879699707 150.859298706 11 20 -111.960144043 146.3565979 12 16 -173.547668457 206.684844971 13 21 -207.551193237 166.786819458 16 20 -226.841079712 158.197219849 17 24 -248.274078369 106.584022522 15 20 -270.001373291 118.898544312 18 22 -157.555618286 86.0422363281 19 20 -140.241088867 82.7771148682 20 24 -132.020339966 85.1968536377 22 12 -168.080291748 43.7602119446 23 34 43.8768005371 99.3411178589 25 18 -114.202529907 40.0340881348 26 30 -89.5192108154 78.4735565186 28 18 -193.804443359 108.496513367 29 29 -168.520782471 72.1173095703 30 20 -231.998352051 101.511955261 31 19 -65.1184692383 62.3738098145
3.10126787399 -7.63838381502 1.14100652813
67 71 67
27 0 41 32.961730957 99.6828308105 1 40 39.9183349609 89.8721466064 2 61 14.611328125 108.236175537 3 48 72.5804748535 118.445594788 4 47 86.9212036133 105.603393555 5 53 93.4128417969 69.339553833 6 48 117.572265625 105.297111511 7 30 -12.212097168 23.9588317871 9 32 14.0211791992 -5.2492980957 10 49 26.7980041504 144.580154419 11 43 -27.0114135742 139.944107056 12 43 -86.7456512451 193.58757019 13 52 -120.409255981 156.83001709 14 48 -136.543838501 174.958740234 18 54 -74.6177368164 79.9821014404 19 57 -56.0689086914 74.6139984131 20 56 -50.0198669434 80.7123336792 22 31 -86.7957763672 38.5202178955 23 62 126.774230957 92.5275421143 17 74 -160.846359253 94.7526550293 24 35 82.9750366211 -13.6396179199 25 49 -32.9743041992 36.4104003906 27 53 56.8433837891 150.617553711 28 60 -108.892303467 104.043426514 29 60 -83.8615264893 61.1271820068 30 50 -147.448425293 94.4075927734 31 25 6.63586425781 63.506149292
3.43386408217 -7.55501653522 1.48558392489
67 70 69
5 0 48 68.5107421875 66.4735717773 1 53 71.9248657227 60.5374755859 2 52 50.5576477051 75.1291656494 8 73 49.0328674316 70.3333892822 26 49 12.6749572754 48.8592987061
3.46699759532 -7.63595864569 1.50794805455
67 70 69
30 0 49 68.5107421875 66.4735717773 1 54 71.9248657227 60.5374755859 2 53 50.5576477051 75.1291656494 3 68 109.000915527 79.9851074219 4 62 123.068145752 67.0979309082 6 63 155.444885254 64.6791687012 7 35 21.1449279785 -10.3721618652 8 74 49.0328674316 70.3333892822 9 48 47.8785705566 -36.1683044434 10 52 65.8677062988 105.835021973 11 49 13.6168518066 101.777816772 12 50 -47.5186767578 151.884185791 13 60 -80.1579437256 116.500183105 14 54 -94.7425537109 136.779006958 15 46 -138.321228027 79.7134094238 16 51 -102.70489502 114.729972839 17 62 -123.505157471 59.7400665283 19 71 -17.8366394043 35.6342163086 20 60 -13.0654907227 46.8769073486 21 57 177.467071533 90.7379455566 22 44 -50.9652709961 2.61352539063 23 67 164.833740234 52.8953857422 24 42 114.667755127 -45.9246520996 25 54 3.73858642578 0.819274902344 26 50 12.6749572754 48.8592987061 27 51 98.1273498535 107.295974731 28 68 -67.6390686035 67.8139953613 29 65 -46.3027954102 22.4256458282 30 54 -106.205368042 55.8157463074 31 34 37.8724365234 28.8661651611
2.23858291027 -7.50541208257 2.38858346193
60 60 54
25 0 52 -39.0311889648 -34.6476745605 1 62 -27.2362670898 -42.7676086426 2 69 -59.4392089844 -31.2219543457 3 69 -13.0729980469 -19.6800537109 4 71 -0.923400878906 -30.8206787109 6 84 23.3712158203 -29.0504150391 7 28 -97.5330505371 -102.504547119 8 62 -53.6626586914 -29.4090576172 9 36 -63.5789489746 -137.470489502 10 71 -63.2570495605 7.52688598633 11 61 -112.753936768 2.51519775391 12 65 -180.109970093 59.5670471191 13 67 -211.454559326 22.1645965576 14 60 -220.857757568 36.0001220703 15 50 -260.692871094 -25.4281921387 18 68 -160.671691895 -51.5149879456 19 63 -147.819351196 -55.6565246582 21 77 43.2826843262 -1.31851196289 22 34 -176.26574707 -93.1754837036 23 83 34.8821105957 -45.5382385254 24 40 5.73031616211 -144.140289307 25 52 -120.505905151 -95.5235595703 26 51 -90.3625640869 -51.9920349121 28 70 -189.206619263 -29.6950683594 31 37 -67.724822998 -70.1584777832
4.57665236094 -7.65849548769 1.58926110466
71 76 71
17 0 53 160.193511963 66.1183013916 1 51 160.134796143 70.2833251953 8 75 137.513458252 76.5641021729 9 40 145.165100098 -31.474395752 12 51 68.8683776855 141.033874512 13 57 36.7022705078 107.939285278 14 46 24.9633178711 133.714691162 15 47 -19.9692382813 82.1149291992 17 56 -8.51281738281 55.3740386963 18 57 79.5828857422 36.2753753662 19 60 95.7443237305 28.1453857422 20 64 97.3771972656 42.4590148926 26 52 101.224090576 53.3513641357 28 58 48.2919921875 64.8288879395 29 49 73.4957580566 10.0977935791 30 44 12.2088928223 48.2514648438 31 39 127.569244385 29.5068817139
4.57403163484 -7.65995973232 1.58589250246
71 76 71
27 0 54 160.193511963 66.1183013916 1 52 160.134796143 70.2833251953 2 74 149.288482666 77.9871673584 4 59 230.94631958 62.4301757813 3 67 214.093597412 76.3044281006 6 43 271.892669678 56.4013214111 8 76 137.513458252 76.5641021729 9 41 145.165100098 -31.474395752 10 42 185.074676514 100.452575684 11 45 129.831329346 98.9806365967 12 52 68.8683776855 141.033874512 13 58 36.7022705078 107.939285278 14 47 24.9633178711 133.714691162 15 48 -19.9692382813 82.1149291992 16 45 16.152557373 108.70703125 17 57 -8.51281738281 55.3740386963 18 58 79.5828857422 36.2753753662 19 61 95.7443237305 28.1453857422 20 65 97.3771972656 42.4590148926 23 44 281.442779541 46.0803070068 24 39 208.750335693 -43.7072753906 26 53 101.224090576 53.3513641357 27 41 213.84854126 99.7823638916 28 59 48.2919921875 64.8288879395 29 50 73.4957580566 10.0977935791 30 45 12.2088928223 48.2514648438 31 40 127.569244385 29.5068817139
4.92145560983 -7.44502940666 2.86819687215
172 182 186
18 0 55 195.906097412 -47.5213623047 1 49 193.275909424 -35.2533569336 2 71 190.488677979 -42.8088989258 3 57 250.341644287 -51.9578857422 4 69 266.13394165 -67.1737976074 5 51 265.635650635 -87.4680786133 8 66 166.098480225 -28.6506347656 9 43 180.630371094 -145.339111328 19 96 124.245117188 -101.763458252 18 93 111.903839111 -93.6583557129 20 82 131.531585693 -81.8318786621 22 63 80.3731689453 -121.576080322 24 44 240.480682373 -158.652557373 25 64 143.444641113 -126.154296875 27 69 249.985565186 -36.8232421875 29 18 111.081390381 -132.636047363 28 34 93.9882202148 -67.4769897461 17 286 26.1010437012 -80.6821594238
1.61735123644 -6.89427079706 2.13856716447
122 123 116
5 12 53 -266.707885742 78.2062530518 18 51 -242.766662598 -49.2820129395 10 82 -142.316513062 22.5185852051 19 68 -227.349838257 -54.916015625 28 20 -275.500762939 -27.9192180634
3.84899218475 -7.65596822873 1.88584507148
67 72 71
2 0 58 100.051635742 33.3793792725 1 67 102.956359863 34.039932251
3.84374613922 -7.65808713585 1.89024882003
67 72 71
31 0 59 100.051635742 33.3793792725 1 68 102.956359863 34.039932251 2 73 85.2549743652 40.8241577148 4 68 158.730133057 30.868927002 5 63 160.515655518 -0.270111083984 6 74 192.511688232 25.6168956757 7 39 53.7286987305 -43.7461853027 8 83 79.2080078125 42.4150810242 9 50 81.4022827148 -65.8945617676 10 64 105.72845459 67.1349029541 11 62 54.0641784668 63.8301239014 12 70 -9.08828735352 111.600097656 13 70 -41.4669799805 78.4815216064 14 62 -52.2337036133 98.4116363525 15 54 -94.61277771 43.5545654297 16 79 -57.2459716797 72.6290435791 17 68 -82.8211364746 20.9016704559 18 80 6.57635498047 2.2891998291 19 80 21.0116577148 -2.68489074707 20 74 26.2258605957 8.71301269531 21 68 214.552886963 50.5699768066 22 48 -16.5652160645 -32.168182373 23 74 202.04598999 13.818526268 24 48 146.273925781 -76.5500793457 25 56 40.0678100586 -33.8387451172 26 64 43.560546875 19.4856567383 27 77 139.853424072 64.9275360107 28 72 -27.0892028809 31.7305316925 29 66 -6.81100463867 -19.0844726563 30 61 -65.3571777344 17.0183258057 31 50 68.309387207 -3.71377563477
3.84548735965 -5.54682425683 3.50170730443
109 111 111
5 0 7055 211.695709229 -191.274383545 14 5804 -54.7057800293 -149.486419678 2 6694 201.456817627 -189.567749023 3 5931 242.419952393 -208.41027832 15 6312 -98.6352081299 -211.991912842
4.15840546795 -7.63249374091 1.5622429953
71 73 69
3 0 62 127.485290527 65.2699127197 1 71 128.327545166 66.0490722656 2 79 113.996887207 75.4186096191
4.5266877263 -7.63028397597 1.25701792324
124 127 117
19 0 66 157.855133057 96.5331573486 1 61 157.093231201 95.7841949463 8 79 136.82019043 103.094833374 7 37 119.713684082 14.9718322754 11 59 125.353729248 134.519989014 12 55 67.1972045898 176.177581787 13 66 33.5067138672 143.281585693 14 52 19.5162963867 170.934997559 15 52 -27.7124023438 118.970916748 17 59 -13.3475036621 91.2699127197 18 70 76.0873413086 70.7897491455 20 62 95.5651245117 74.552230835 22 46 52.4264831543 28.5976257324 26 68 99.4287414551 80.8908691406 27 57 212.147247314 136.768737793 28 66 43.851776123 99.4581680298 29 54 71.7289123535 45.9937171936 30 47 7.57693481445 83.9726257324 31 61 125.042327881 56.5844726563
4.53841331534 -7.63548185176 1.26073173142
124 127 117
27 0 67 157.855133057 96.5331573486 1 60 157.093231201 95.7841949463 4 60 230.064910889 95.7277832031 5 64 224.770477295 65.5406341553 6 60 271.197662354 90.7713317871 7 38 119.713684082 14.9718322754 8 80 136.82019043 103.094833374 9 53 142.774780273 -3.59159851074 10 44 182.66116333 135.087341309 11 60 125.353729248 134.519989014 12 56 67.1972045898 176.177581787 13 65 33.5067138672 143.281585693 14 51 19.5162963867 170.934997559 15 51 -27.7124023438 118.970916748 17 58 -13.3475036621 91.2699127197 18 69 76.0873413086 70.7897491455 20 63 95.5651245117 74.552230835 22 47 52.4264831543 28.5976257324 23 47 281.202362061 80.1347351074 24 54 207.843475342 -17.2097167969 25 44 112.181060791 26.6549530029 26 67 99.4287414551 80.8908691406 27 58 212.147247314 136.768737793 28 65 43.851776123 99.4581680298 29 53 71.7289123535 45.9937171936 30 46 7.57693481445 83.9726257324 31 60 125.042327881 56.5844726563
4.52265101118 -7.64150761439 2.39885263977
86 89 80
6 18 101 72.6670532227 -44.1628112793 20 132 90.2922668457 -34.1287841797 25 136 103.359375 -78.1602478027 28 130 45.0132141113 -15.5081787109 29 107 64.7744750977 -75.7246704102 30 127 7.6953125 -34.8832092285
6.66039044424 -7.84268062512 0.780186158632
88 89 72
2 0 6623 310.27444458 153.338424683 14 4421 243.795318604 231.463531494
0.220065206527 -6.7668651283 1.61949065903
149 150 142
15 0 84 -254.558349609 3.48507666588 1 97 -224.944519043 -37.6115112305 3 99 -250.363037109 38.2456817627 4 99 -237.787841797 30.8299407959 5 87 -202.196609497 -18.5555725098 6 118 -214.99597168 44.1448364258 8 104 -254.790527344 -20.4270915985 9 69 -289.148468018 -120.788047791 2 102 -295.977478027 9.21273803711 21 122 -192.731109619 77.4724884033 23 125 -206.888061523 23.0778808594 24 81 -200.758758545 -120.16229248 26 70 -303.976226807 -29.5865192413 27 138 -279.094543457 87.4670562744 31 57 -282.495574951 -34.2768249512
1.26568102898 -6.61600173834 2.05361123204
22 24 30
19 0 85 -119.640731812 -37.1520080566 1 88 -96.4356536865 -64.0864257813 3 96 -112.244430542 -13.2018127441 4 93 -102.431640625 -21.7955932617 7 76 -196.904708862 -112.310241699 8 108 -125.041213989 -50.532535553 9 85 -153.782485962 -156.247131348 10 109 -190.464385986 24.8869018555 11 90 -243.958068848 17.4593963623 18 97 -293.952209473 -49.9638671875 19 104 -277.539733887 -54.6897277832 20 100 -253.54359436 -57.7306518555 21 112 -69.3702392578 19.2058868408 23 118 -73.5018768311 -33.1542053223 24 86 -73.4695129395 -159.271331787 25 108 -236.401092529 -103.855651855 26 103 -166.439437866 -64.0108642578 27 113 -151.184280396 31.6502361298 31 76 -144.112213135 -75.8966369629
3.63212099476 -5.61502306655 3.43727003865
91 99 104
10 0 86 186.497680664 -185.471801758 1 119 189.266998291 -186.996887207 2 93 174.318756104 -183.458648682 3 84 213.633453369 -199.030334473 4 78 221.771881104 -214.342803955 8 137 155.795349121 -179.557785034 21 86 239.573150635 -196.122772217 12 81 -23.835357666 -121.460754395 26 133 124.531951904 -197.746520996 27 68 156.058807373 -171.009979248
2.67041757634 -7.56253374068 1.94434788187
72 75 69
5 0 90 -1.32989501953 14.0876150131 1 106 7.41351318359 7.50375366211 15 67 -220.44543457 27.0758514404 24 108 44.058380127 -96.2590332031 26 106 -53.8808288574 -2.99635314941
2.09620272956 -7.51780805822 1.70805891762
54 54 49
13 0 91 -56.2354736328 31.0799102783 1 109 -44.4468994141 17.7549438477 5 92 -0.720794677734 2.05299377441 7 77 -111.016708374 -37.522857666 8 130 -69.4616241455 31.0121154785 9 95 -78.7526855469 -73.8447570801 20 105 -152.550170898 16.0829772949 22 75 -191.196990967 -24.9032897949 24 119 -9.23684692383 -80.1285400391 25 113 -137.310256958 -27.7892150879 26 119 -106.550933838 11.2062530518 28 120 -210.848800659 38.6713867188 31 102 -84.2044525146 -4.83619689941
0.58632714588 -6.63257714388 1.90044914504
54 75 98
17 0 98 -202.708068848 -28.5622253418 1 113 -174.843170166 -64.3360290527 2 101 -240.613311768 -23.2494812012 3 100 -199.447677612 1.96907043457 4 100 -189.116134644 -5.59701490402 5 125 -152.845733643 -52.2731628418 6 115 -171.234970093 7.0926361084 7 99 -281.671386719 -100.035949707 8 133 -204.61920166 -48.8460693359 9 98 -238.760787964 -151.38583374 10 121 -275.08404541 42.6228790283 21 121 -151.231170654 40.1483306885 23 122 -160.350265503 -14.4897766113 24 101 -154.2159729 -152.539764404 26 78 -252.058303833 -60.5335998535 27 147 -235.936767578 49.9765777588 31 45 -232.455078125 -68.0045471191
0.720511401474 -6.70807832288 1.51238676459
173 175 170
17 0 112 -191.685653687 21.630033493 1 117 -167.103729248 -16.6908569336 2 121 -229.58972168 29.3928070068 3 110 -184.725128174 53.5967292786 4 108 -173.645446777 45.0346984863 5 131 -140.000274658 -2.06469726563 6 119 -153.930801392 55.5925750732 7 100 -266.124328613 -52.3923034668 8 134 -195.544326782 -0.971786439419 9 107 -226.667388916 -102.595161438 10 129 -258.971954346 91.2466888428 21 135 -133.413421631 87.3708190918 23 138 -143.972442627 35.7803649902 24 127 -141.313613892 -104.168945313 26 120 -240.658447266 -11.3565063477 27 133 -218.685058594 98.6017913818 31 104 -218.391693115 -18.2877502441
1.38839873288 -7.53829082506 0.853144468337
54 59 61
26 0 113 -135.331130981 115.944580078 1 107 -122.075592041 90.35496521 2 130 -166.254425049 124.659637451 3 117 -110.977874756 145.77053833 4 113 -96.8900146484 134.246887207 5 137 -79.13230896 89.0238494873 6 124 -67.6077880859 137.794555664 7 80 -187.876785278 47.9714355469 8 120 -145.949829102 106.68901062 9 101 -160.169830322 4.8786315918 10 139 -162.356399536 173.066253662 11 113 -217.09324646 165.721115112 12 129 -282.439819336 233.855743408 18 114 -263.319793701 108.177627563 19 106 -248.278991699 107.88948822 20 117 -238.46762085 104.635986328 21 142 -44.9408874512 166.547058105 22 74 -277.124328613 66.6318359375 23 142 -60.8547363281 123.085746765 24 128 -81.9218597412 -0.342971801758 25 103 -220.871765137 60.9278411865 26 114 -187.045623779 90.9253234863 27 164 -128.265716553 179.996902466 28 149 -301.063537598 128.663833618 29 133 -269.511962891 97.5479660034 31 112 -161.584609985 79.022277832
-0.00392576296441 -6.78027100616 1.95336242282
110 109 104
10 0 114 -279.962493896 -38.5881347656 1 127 -246.384796143 -77.1152954102 3 150 -276.958984375 -4.60726928711 4 182 -264.295806885 -11.2660522461 5 146 -228.635894775 -61.9505310059 6 332 -239.735015869 3.52087402344 8 135 -278.438201904 -58.437286377 23 333 -231.457611084 -19.5529785156 24 139 -226.062988281 -159.550750732 27 363 -302.259033203 47.6617279053
0.0299749743384 -6.47301763544 2.51648140643
122 121 113
10 0 122 -265.999786377 -117.12310791 1 130 -227.857696533 -151.332183838 3 130 -271.067687988 -85.8675231934 4 125 -261.066741943 -90.6532592773 5 144 -219.065368652 -140.60723877 6 159 -243.43157959 -71.7485656738 8 136 -261.052978516 -134.224395752 21 159 -221.452667236 -34.6586914063 23 137 -231.433120728 -96.1027526855 27 180 -305.768096924 -27.9089660645
2.63866636998 -6.37204865529 2.90442919878
132 140 141
5 0 124 44.4840087891 -116.483551025 1 98 57.8142700195 -125.001586914 5 136 98.044128418 -152.230651855 8 114 28.1064147949 -115.657989502 26 98 -7.23178100586 -133.502716064
2.21779542917 -7.56095890374 1.29846280193
55 60 62
4 3 948 -17.9118347168 97.6184844971 8 1255 -60.9050292969 72.8394775391 9 807 -70.9362335205 -31.1721191406 10 896 -68.6173248291 125.025260925
1.28088780518 -6.69188464773 1.91632408353
186 158 142
24 0 141 -120.202819824 -19.5462646484 1 172 -98.4267730713 -47.4580078125 2 143 -152.175506592 -13.1772155762 3 123 -110.329483032 5.9647526741 4 115 -100.566558838 -2.97151184082 5 149 -69.5218200684 -45.7018432617 6 121 -84.541885376 6.1822052002 7 120 -195.21484375 -94.1518249512 8 170 -126.775497437 -33.8097229004 9 114 -154.102355957 -138.072479248 10 119 -186.98147583 43.9128875732 11 97 -241.02986145 36.4658203125 18 115 -291.377746582 -31.4709777832 19 112 -274.282104492 -35.727935791 20 127 -251.971740723 -38.9684753418 21 116 -66.0808105469 38.16847229 22 95 -288.877380371 -83.9450073242 23 119 -72.0938262939 -13.3247070313 24 131 -74.4127349854 -141.857971191 25 92 -234.674346924 -83.9656600952 26 121 -168.512832642 -45.8445091248 27 99 -148.23815918 50.486125946 29 122 -316.269958496 -38.9202880859 31 101 -146.824157715 -57.6356201172
2.415071592 -5.55325844402 3.30639546053
83 92 96
6 0 147 59.6096496582 -201.747497559 1 182 75.0614013672 -212.775466919 2 144 37.5068359375 -201.283630371 3 124 65.5256958008 -203.28868103 4 112 69.6977539063 -214.42364502 6 110 65.7952880859 -212.070861816
0.651164834865 -7.43298715091 0.451094526255
49 55 58
9 0 148 -221.524688721 156.866027832 1 149 -205.82119751 120.167915344 4 131 -184.721496582 181.157974243 2 151 -258.848297119 166.905410767 3 138 -200.646118164 193.407363892 5 175 -162.749649048 130.589981079 6 144 -152.277893066 185.110641479 8 151 -231.194259644 139.664169312 9 131 -247.970031738 38.4253997803
2.03222457907 -5.57150170838 2.9579296312
91 108 119
13 0 154 13.8258361816 -169.38104248 1 157 33.1235656738 -188.422790527 2 167 -13.3573303223 -167.186157227 4 128 17.4350280762 -172.680175781 6 147 11.9991149902 -165.198303223 8 183 1.17456054688 -178.594177246 10 163 -107.479125977 -120.144218445 11 152 -160.931213379 -125.10509491 12 154 -245.336730957 -62.762878418 13 151 -287.314208984 -102.598114014 21 156 22.3050537109 -130.89553833 27 188 -59.4558105469 -116.268890381 28 152 -254.830230713 -183.594909668
1.03046405393 -7.47517277116 0.484711792801
55 59 62
6 0 162 -177.487045288 155.193603516 1 165 -163.958007813 122.687797546 5 196 -119.52645874 128.46081543 8 180 -188.06312561 140.745285034 9 141 -203.667831421 39.2550354004 7 143 -230.041931152 86.325958252
2.42797759196 -5.6197063344 3.00653644236
101 118 135
2 18 132 -165.611740112 -208.199386597 20 150 -104.666412354 -209.650848389
1.43817991258 -7.46405718086 0.189817914353
54 59 64
15 0 164 -133.807037354 190.92855835 1 159 -122.956222534 160.278335571 2 162 -167.268753052 203.020523071 4 130 -92.7808685303 212.265838623 5 187 -75.614151001 163.431213379 6 136 -62.6504211426 214.665252686 8 178 -144.708282471 177.126922607 9 139 -159.133773804 74.4697418213 18 127 -266.781463623 182.4581604 19 121 -247.97567749 183.668533325 20 140 -241.202453613 179.461120605 23 158 -56.6620483398 200.734420776 25 144 -218.921722412 133.984817505 26 154 -186.547653198 163.316238403 29 136 -271.759490967 171.546600342
3.68606195439 -7.62683551641 2.69635843468
172 176 177
15 9 2184 69.5844116211 -141.148132324 21 2396 192.973175049 -34.6329650879 3 2307 127.553466797 -38.5634765625 6 2280 172.740692139 -58.4498596191 4 2339 141.438690186 -51.7280883789 12 2117 -26.8595581055 27.5708007813 13 2518 -55.8525695801 -7.36668395996 14 2455 -64.3635864258 13.1402740479 15 2264 -102.820724487 -40.8571739197 16 2408 -71.8721008301 -7.16041564941 17 2313 -97.4364013672 -58.8414001465 18 2270 -11.5903930664 -73.4514160156 20 1939 10.8321533203 -67.1733703613 22 1893 -34.2607727051 -107.870880127 24 2151 132.01763916 -150.325836182
1.0822697007 -6.66165635844 1.86076227195
29 30 42
20 0 169 -143.105926514 -16.0265197754 1 181 -120.397247314 -47.382598877 2 174 -176.944473267 -9.69067382813 3 158 -135.525390625 10.7031402588 4 156 -125.4659729 2.28564453125 5 182 -92.606048584 -41.4638977051 6 178 -109.355255127 12.1091156006 7 140 -219.439758301 -90.9019775391 8 199 -148.719421387 -33.285949707 9 148 -178.155517578 -137.020965576 10 188 -212.986953735 48.7405700684 11 132 -267.171264648 41.1868286133 19 138 -300.473297119 -30.9675598145 20 184 -278.657928467 -35.8640136719 21 232 -90.791015625 43.8442726135 23 203 -97.4409484863 -8.31924438477 24 176 -97.0135192871 -139.987854004 25 155 -260.533569336 -81.5085754395 26 161 -191.466720581 -45.1370887756 27 202 -172.535873413 56.0807685852
1.65755254968 -7.52225284613 0.931146832322
177 176 165
23 0 170 -105.656555176 109.158187866 1 146 -93.9308624268 85.7796936035 2 177 -134.629516602 118.02243042 3 154 -79.8532562256 136.877410889 4 164 -66.1363830566 125.402565002 5 192 -49.4567565918 81.8358001709 6 198 -37.8932189941 128.857177734 7 148 -158.117141724 40.0135955811 8 150 -117.561019897 100.956726074 9 152 -130.459350586 -0.505218505859 11 311 -185.984344482 159.915222168 10 323 -131.68006897 167.091598511 14 274 -300.765197754 196.727340698 16 280 -299.399597168 173.519668579 19 201 -216.494659424 99.5608673096 20 161 -207.47354126 96.8827819824 21 192 -15.7420043945 157.1590271 23 162 -30.6424560547 113.912628174 24 147 -54.283782959 -6.96615600586 25 206 -189.303894043 53.3912811279 26 155 -157.370346069 84.5655899048 27 177 -98.4328765869 170.584869385 31 121 -132.445770264 71.755645752
1.81573513471 -7.4845468158 0.198083057104
55 58 63
13 0 172 -92.7353057861 191.216995239 1 174 -83.6675109863 164.508071899 2 175 -123.995071411 203.689315796 4 149 -49.3211669922 210.837188721 5 194 -34.7922058105 163.762145996 6 156 -19.4801635742 212.916259766 7 146 -140.967407227 117.339874268 9 150 -118.084091187 77.0606384277 18 134 -222.781997681 181.727828979 19 135 -202.678237915 181.394363403 20 152 -196.545196533 179.111999512 23 181 -13.2603759766 199.651184082 25 159 -174.524490356 133.30581665
1.16806651418 -6.59583558653 2.16688173854
211 214 214
18 0 174 -129.182296753 -50.8487854004 1 160 -105.588607788 -78.5981445313 2 168 -161.508682251 -46.0581054688 3 170 -122.768753052 -26.8100585938 4 157 -113.437515259 -35.1385498047 5 189 -79.5836791992 -77.2306213379 6 190 -99.1620788574 -25.0155334473 7 91 -207.463439941 -127.954071045 8 176 -134.795532227 -64.8940734863 9 87 -163.642959595 -173.41607666 10 123 -201.159088135 9.87887573242 11 102 -254.79864502 2.37622070313 18 112 -305.416564941 -65.1093444824 19 108 -288.847229004 -70.3704528809 20 154 -265.22555542 -71.2866516113 21 148 -81.2021942139 6.59274291992 22 88 -303.378540039 -119.328330994 23 124 -85.158996582 -48.9418296814
2.02658647147 -7.12705484704 2.65381950531
52 53 55
13 0 175 -46.8728942871 -74.7702026367 1 189 -30.9964599609 -82.0943908691 2 183 -69.2684020996 -72.3921508789 3 181 -28.1313171387 -60.9573059082 4 165 -17.0272521973 -70.9462890625 5 176 5.3454284668 -106.8253479 8 217 -59.3179626465 -68.7512512207 9 124 -72.9982910156 -179.945602417 21 251 20.6026000977 -38.3871459961 23 175 15.415222168 -85.722442627 24 148 -3.43557739258 -184.991638184 26 123 -98.1287384033 -92.5632858276 31 108 -76.5439758301 -110.800201416
1.44064214433 -7.45252134157 -0.142132075052
56 62 65
13 0 177 -135.937072754 228.978363037 1 162 -125.959152222 197.516098022 5 230 -77.0129699707 200.521575928 7 139 -183.22467041 155.685287476 8 172 -146.546539307 215.368606567 9 144 -161.106842041 111.407043457 18 131 -269.428924561 221.452819824 20 145 -243.929168701 218.99937439 22 113 -274.772155762 181.972015381 25 149 -222.753829956 173.23374939 26 140 -189.009140015 201.86227417 24 172 -77.3987121582 104.429794312 31 159 -160.974884033 190.587203979
1.4059898248 -7.50220427341 0.511077363345
56 59 64
20 0 179 -135.237213135 153.98135376 1 196 -123.675613403 125.995063782 2 178 -167.359848022 164.314651489 3 156 -109.908920288 186.049133301 4 161 -95.4822692871 173.66229248 5 211 -77.9979400635 126.986549377 6 189 -65.5425720215 176.617538452 7 151 -186.513504028 84.046546936 8 208 -146.54019165 142.769821167 9 167 -160.800231934 40.4047431946 10 164 -163.07913208 212.552032471 11 125 -218.809524536 204.922637939 18 148 -265.824554443 145.75541687 19 146 -248.983718872 146.289276123 20 169 -240.637008667 142.559738159 21 189 -42.3489379883 205.516815186 23 208 -59.5300598145 162.486938477 25 157 -221.532623291 98.0490341187 26 167 -187.97315979 128.004852295 29 182 -270.977142334 134.960678101
1.79035757052 -7.52880228381 0.527191744611
56 59 65
16 0 182 -94.3171081543 154.474884033 1 188 -84.3665924072 130.184417725 2 182 -123.978820801 165.10874939 3 173 -66.0733032227 184.566253662 4 170 -52.2715148926 172.015228271 5 207 -36.9769287109 126.921943665 6 180 -22.809753418 174.548446655 7 159 -144.196990967 82.6965026855 9 164 -119.223831177 42.6900939941 8 197 -106.390090942 145.224975586 10 181 -119.912475586 211.46055603 20 186 -196.005950928 142.056045532 21 200 -0.163635253906 203.100570679 23 196 -16.1774291992 160.963516235 25 173 -176.777114868 97.2510986328 26 175 -146.996109009 129.629562378
2.19510902097 -7.4933286721 0.209256384423
54 61 67
16 0 183 -52.8060302734 191.109695435 1 176 -45.3178710938 168.263778687 2 179 -81.5038757324 203.921295166 4 162 -6.36666870117 208.955123901 5 208 5.56036376953 163.364395142 6 166 23.4156494141 210.89263916 7 155 -99.0618133545 115.886306763 8 193 -65.0280761719 182.254684448 9 155 -77.245300293 78.9160461426 17 120 -272.610565186 200.400146484 18 140 -178.604705811 180.261245728 19 151 -157.407440186 178.588897705 20 165 -151.956634521 178.288909912 23 186 30.492401123 198.057983398 25 160 -131.038040161 132.389602661 29 160 -186.320678711 167.214477539
2.18057974854 -7.53062946784 0.545724056988
54 60 63
17 0 190 -53.7354431152 154.410552979 1 184 -45.2836608887 133.294555664 3 177 -22.4555664063 182.76020813 2 192 -81.0436401367 165.443099976 4 174 -8.53149414063 170.133636475 6 171 20.5547790527 172.009124756 7 160 -101.863037109 80.6023178101 9 157 -77.8175354004 44.063369751 10 176 -76.4445343018 210.465454102 11 141 -131.319747925 203.739227295 17 179 -269.95111084 162.733444214 18 159 -177.660690308 142.56413269 19 161 -158.070053101 140.398620605 20 189 -151.414764404 140.619293213 21 195 43.1591186523 200.345001221 23 205 27.9502258301 158.839904785 25 175 -131.412414551 95.4308166504
3.89089361754 -5.51382353464 3.36460910605
87 99 105
