# Camera parameter file. 

# The format of each camera is as follows:
# Filename (of the undistorted image in visualize folder)
# Original filename
# Focal Length (of the undistorted image)
# 2-vec Principal Point (image center)
# 3-vec Translation T (as in P = K[R T])
# 3-vec Camera Position C (as in P = K[R -RC])
# 3-vec Axis Angle format of R
# 4-vec Quaternion format of R
# 3x3 Matrix format of R
# [Normalized radial distortion] = [radial distortion] * [focal length]^2
# 3-vec Lat/Lng/Alt from EXIF

# The nubmer of cameras in this reconstruction
32

00000000.jpg
C:\Users\86186\Desktop\VisualSFM_windows_cuda_64bit\最终数据\普通镜头\图像\3+4pso\sofa (29).jpg
813.63671875
324.179351807 248.111633301
0.0265973996127 -0.160465117908 -0.104319243213
-0.00823026812744 -0.0709779158835 0.179536491405
-1.32484684648 -0.208642432942 -0.318480183737
0.771732794893 -0.611208357932 -0.096255653378 -0.146928492643
0.938294073343 0.344443654362 0.0310405136893
-0.109114490746 0.209673155317 0.971664526852
0.328175091312 -0.915093610465 0.234318798196
0
39.9015737761 116.31477413 0

00000001.jpg
C:\Users\86186\Desktop\VisualSFM_windows_cuda_64bit\最终数据\普通镜头\图像\3+4pso\sofa (32).jpg
813.63671875
324.179351807 248.111633301
0.309079639972 0.989119482715 0.338713290998
-0.219382952639 -0.132533824898 -1.05967930177
-1.19580211978 -0.182756410472 -0.36590646474
0.806901979981 -0.558896914213 -0.0854171373139 -0.171018256826
0.926913338417 0.371468773285 0.0533165812534
-0.1805111069 0.316773794681 0.931165965068
0.329009610145 -0.872734141669 0.360676088091
0
39.9015737761 116.31477413 0

00000002.jpg
C:\Users\86186\Desktop\VisualSFM_windows_cuda_64bit\最终数据\普通镜头\图像\3+4pso\sofa (27).jpg
813.63671875
324.179351807 248.111633301
-0.374573523852 -0.398594888406 -0.416671731029
0.43357709716 -0.1925106583 0.497743779355
-1.35375622467 -0.17856080639 -0.316653326987
0.764289131085 -0.622809294412 -0.0821487117183 -0.145679577726
0.94405833933 0.325008648506 0.0558903587888
-0.120356623003 0.181772502709 0.975947722375
0.307031828784 -0.928077775456 0.210720661538
0
39.9015737761 116.31477413 0

00000003.jpg
C:\Users\86186\Desktop\VisualSFM_windows_cuda_64bit\最终数据\普通镜头\图像\3+4pso\sofa (26).jpg
813.63671875
324.179351807 248.111633301
-0.685278178194 -0.406796219457 -0.559592759579
0.765477828531 -0.295835168464 0.524174326616
-1.34169550418 -0.143649551427 -0.18834077227
0.776803670761 -0.620152452533 -0.0663970486187 -0.0870540234137
0.976025976229 0.217600398346 0.00481859506445
-0.0528951414229 0.215665050421 0.975033606235
0.211128479444 -0.951913200002 0.222004744984
0
39.9015737761 116.31477413 0

00000004.jpg
C:\Users\86186\Desktop\VisualSFM_windows_cuda_64bit\最终数据\普通镜头\图像\3+4pso\sofa (25).jpg
813.63671875
324.179351807 248.111633301
-0.926711487727 -0.49949520783 -0.488975703332
0.976517187239 -0.21478637828 0.589633608806
-1.36696676765 -0.1160503609 -0.147130817814
0.771325245855 -0.63054413984 -0.0535308368307 -0.0678673960175
0.985056907606 0.172202751764 0.00300744800945
-0.0371885919106 0.19561636633 0.979975071343
0.168166191526 -0.965443383395 0.199097265636
0
39.9015737761 116.31477413 0

00000005.jpg
C:\Users\86186\Desktop\VisualSFM_windows_cuda_64bit\最终数据\普通镜头\图像\3+4pso\sofa (28).jpg
813.63671875
324.179351807 248.111633301
-0.169283872107 -0.344218193457 -0.260964256188
0.202116310476 -0.150713030934 0.389461129698
-1.39195958777 -0.153686475387 -0.236292618548
0.758292552914 -0.638945509621 -0.0705460734645 -0.108464433095
0.96651713988 0.254645734691 0.0316165679538
-0.0743453527969 0.159968861959 0.984319010741
0.245594816536 -0.953711475915 0.173544381383
0
39.9015737761 116.31477413 0

00000006.jpg
C:\Users\86186\Desktop\VisualSFM_windows_cuda_64bit\最终数据\普通镜头\图像\3+4pso\sofa (23).jpg
813.63671875
324.179351807 248.111633301
-1.70263072679 -0.784793684692 -0.302079362902
1.71578305544 -0.0977190866281 0.807863177762
-1.39681415913 -0.0346329216145 -0.0241057835435
0.765662560113 -0.6429492223 -0.0159414263325 -0.0110958173504
0.999245735846 0.0374904834842 -0.0101435978472
0.00350787580791 0.172986441449 0.984918027928
0.0386794153432 -0.984210562348 0.17272444654
0
39.9015737761 116.31477413 0

00000007.jpg
C:\Users\86186\Desktop\VisualSFM_windows_cuda_64bit\最终数据\普通镜头\图像\3+4pso\sofa (4).jpg
813.63671875
324.179351807 248.111633301
-1.13744062367 0.817954278233 -0.0634657792785
1.13572569498 0.00625693994784 -0.822761450703
-1.28463549922 -0.205360681466 -0.188504580998
0.791665335952 -0.597059690268 -0.0954454278612 -0.0876112226488
0.966429050158 0.252690907191 -0.0465034514747
-0.0247441648543 0.271687518807 0.962066983352
0.255739895377 -0.928618857765 0.268819447625
0
39.9015737761 116.31477413 0

00000008.jpg
C:\Users\86186\Desktop\VisualSFM_windows_cuda_64bit\最终数据\普通镜头\图像\3+4pso\sofa (1).jpg
813.63671875
324.179351807 248.111633301
0.245717792653 1.08272462031 0.344450729176
-0.177258022009 -0.181184380458 -1.13449035579
-1.16167224961 -0.222958134493 -0.355087892742
0.815321992882 -0.544619488488 -0.104528058756 -0.166473621608
0.92272068665 0.385315195187 0.010881585627
-0.157603224539 0.351352088847 0.922882720213
0.351777686335 -0.853278266653 0.384927032813
0
39.9015737761 116.31477413 0

00000009.jpg
C:\Users\86186\Desktop\VisualSFM_windows_cuda_64bit\最终数据\普通镜头\图像\3+4pso\sofa (3).jpg
813.63671875
324.179351807 248.111633301
-0.692152919803 0.987512561332 -0.0649026551515
0.774056701384 -0.0889783442493 -0.922706562451
-1.31591185279 -0.169098588776 -0.262977563434
0.779911468703 -0.608938344559 -0.0782503892629 -0.121692894394
0.958135434411 0.285118683145 0.0261500748749
-0.0945200528453 0.228770097691 0.968881259641
0.270263578942 -0.930790734979 0.246142063958
0
39.9015737761 116.31477413 0

00000010.jpg
C:\Users\86186\Desktop\VisualSFM_windows_cuda_64bit\最终数据\普通镜头\图像\3+4pso\sofa (20).jpg
813.63671875
324.179351807 248.111633301
-2.83421791246 -0.956631660574 -0.215019927989
2.81302121631 -0.0159195599652 1.03962662591
-1.38167676924 0.0138577387539 -0.019171323613
0.7706475618 -0.637168206421 0.00639057610537 -0.00884096639181
0.999762239965 0.00548284969341 0.0211160470255
-0.0217702270818 0.187876902963 0.981951273101
0.00141651944916 -0.982177225838 0.187951515104
0
39.9015737761 116.31477413 0

00000011.jpg
C:\Users\86186\Desktop\VisualSFM_windows_cuda_64bit\最终数据\普通镜头\图像\3+4pso\sofa (19).jpg
813.63671875
324.179351807 248.111633301
-3.01300928342 -0.944102711627 -0.272530315266
2.97668842932 0.0449167320313 1.08679981059
-1.391868866 -0.00342118376245 -0.0658623561051
0.766954167415 -0.64098274192 -0.00157552180542 -0.0303308987197
0.998155211331 0.0485446317328 0.0364664665792
-0.0445050049653 0.176442325239 0.983304396907
0.0412998786373 -0.983113143721 0.178277243094
0
39.9015737761 116.31477413 0

00000012.jpg
C:\Users\86186\Desktop\VisualSFM_windows_cuda_64bit\最终数据\普通镜头\图像\3+4pso\sofa (18).jpg
813.63671875
324.179351807 248.111633301
-3.24441551166 -1.16294418232 -0.425117529372
3.27728015656 0.118439857482 1.14227719986
-1.33752262223 -0.0768398657525 -0.0506179132951
0.783609399835 -0.619789116039 -0.0356065098861 -0.0234556270043
0.996364308774 0.0808970889526 -0.0267281058231
0.00737688975408 0.230622819916 0.973015231437
0.0848782775451 -0.969675077537 0.229187637351
0
39.9015737761 116.31477413 0

00000013.jpg
C:\Users\86186\Desktop\VisualSFM_windows_cuda_64bit\最终数据\普通镜头\图像\3+4pso\sofa (17).jpg
813.63671875
324.179351807 248.111633301
-3.57918140481 -1.10900078657 -0.40841546942
3.59107098448 0.10009386897 1.14079830558
-1.37961219 -0.0619758414332 -0.0629804496126
0.770469180367 -0.636173729293 -0.0285786124944 -0.0290418624835
0.996679477893 0.0811136867557 -0.00708655664027
-0.00838975318017 0.188879109406 0.981964418661
0.0809892039381 -0.978644588457 0.188932444282
0
39.9015737761 116.31477413 0

00000014.jpg
C:\Users\86186\Desktop\VisualSFM_windows_cuda_64bit\最终数据\普通镜头\图像\3+4pso\sofa (16).jpg
813.63671875
324.179351807 248.111633301
-4.31701876016 -1.03316872893 -0.252202207424
4.2702858243 0.0157971259509 1.23778984971
-1.36294016899 0.026330286028 -0.0374491663341
0.77640530352 -0.629878641823 0.0121684613745 -0.0173070179929
0.999104265179 0.0115451304686 0.0406980229366
-0.0422039117625 0.20590674624 0.977660917596
0.00290739114927 -0.978503554744 0.206209769915
0
39.9015737761 116.31477413 0

00000015.jpg
C:\Users\86186\Desktop\VisualSFM_windows_cuda_64bit\最终数据\普通镜头\图像\3+4pso\sofa (15).jpg
813.63671875
324.179351807 248.111633301
-4.69644915154 -0.626407536635 -0.221168823828
4.63050239344 3.69231283956e-005 1.02781530553
-1.39514797701 0.0501292528192 -0.0751369853648
0.765463809947 -0.642134491087 0.0230726222437 -0.0345827472454
0.996542907378 0.0233122352982 0.079736089325
-0.0825751305615 0.17293461151 0.981465722123
0.00909106001255 -0.98465713406 0.174261858467
0
39.9015737761 116.31477413 0

00000016.jpg
C:\Users\86186\Desktop\VisualSFM_windows_cuda_64bit\最终数据\普通镜头\图像\3+4pso\sofa (14).jpg
813.63671875
324.179351807 248.111633301
-4.9312074242 -0.643061400387 0.149345717757
4.91755777952 0 0.755165785883
-1.32802970701 0.0690528459851 0.0290506096353
0.786873210934 -0.616135065411 0.0320368434179 0.0134779359026
0.997583737514 -0.0606889252319 0.0338094701145
-0.0182672184302 0.24039175683 0.970504114712
-0.0670262652793 -0.968776594444 0.238702305996
0
39.9015737761 116.31477413 0

00000017.jpg
C:\Users\86186\Desktop\VisualSFM_windows_cuda_64bit\最终数据\普通镜头\图像\3+4pso\sofa (13).jpg
813.63671875
324.179351807 248.111633301
-5.0276540343 -0.516613335013 0.137254370835
5.024634538 0.00686058078716 0.56219042055
-1.37007666156 0.0452985403995 0.0270941479359
0.774073126623 -0.632626835674 0.0209164005765 0.0125106029136
0.99881150364 -0.0458328356673 0.0165525695364
-0.00709634961412 0.199253642385 0.979922251483
-0.0482107248313 -0.97887547922 0.198691675413
0
39.9015737761 116.31477413 0

00000018.jpg
C:\Users\86186\Desktop\VisualSFM_windows_cuda_64bit\最终数据\普通镜头\图像\3+4pso\sofa (9).jpg
813.63671875
324.179351807 248.111633301
-3.37890844534 0.201777229804 -0.136828892704
3.38404893515 1.11022302463e-016 -0.157042913287
-1.30320074887 -0.0353353323734 -0.0470636613535
0.79471121064 -0.606369535852 -0.0164412651766 -0.0218983687012
0.998500681098 0.0547447888856 0.000424860155954
-0.0148667275208 0.263672269643 0.964497494332
0.0526890911677 -0.963057177395 0.264090682528
0
39.9015737761 116.31477413 0

00000019.jpg
C:\Users\86186\Desktop\VisualSFM_windows_cuda_64bit\最终数据\普通镜头\图像\3+4pso\sofa (8).jpg
813.63671875
324.179351807 248.111633301
-2.82208146677 0.34408600558 -0.333436665625
2.83946451071 -0.140563783219 -0.333780738205
-1.28353891895 -0.0922856297467 -0.0615875024379
0.79960288443 -0.598298014817 -0.0430172457245 -0.0287078793654
0.99465027223 0.0973839872097 -0.0344417114639
0.00556437462398 0.282430726633 0.959271407147
0.103145143582 -0.954331866438 0.28037809229
0
39.9015737761 116.31477413 0

00000020.jpg
C:\Users\86186\Desktop\VisualSFM_windows_cuda_64bit\最终数据\普通镜头\图像\3+4pso\sofa (7).jpg
813.63671875
324.179351807 248.111633301
-2.30108818518 0.518046867148 -0.24608036453
2.33363256432 -0.011722864374 -0.421845490977
-1.2669699237 -0.103012503942 -0.139822859812
0.802448566185 -0.59119275743 -0.0480676337427 -0.0652440602555
0.986865706463 0.161544480512 6.93889390391e-018
-0.0478755299049 0.292468287233 0.955075766082
0.154287215107 -0.942531356074 0.296360811795
0
39.9015737761 116.31477413 0

00000021.jpg
C:\Users\86186\Desktop\VisualSFM_windows_cuda_64bit\最终数据\普通镜头\图像\3+4pso\sofa (22).jpg
813.63671875
324.179351807 248.111633301
-1.92710391708 -0.936246980256 -0.154116184819
1.94423660945 -0.00940314924992 0.913178554664
-1.37736902599 -0.00169257200083 0.0289799385565
0.771985508965 -0.635499016322 -0.00078092930891 0.0133709427889
0.999641266088 -0.0196518318944 -0.0182001841731
0.0216368644026 0.191924441364 0.981171191506
-0.0157887197331 -0.98121293474 0.192280796754
0
39.9015737761 116.31477413 0

00000022.jpg
C:\Users\86186\Desktop\VisualSFM_windows_cuda_64bit\最终数据\普通镜头\图像\3+4pso\sofa (5).jpg
813.63671875
324.179351807 248.111633301
-1.5105660304 0.758002856356 -0.414589286669
1.58385021166 -0.154212387502 -0.704202501046
-1.27194429217 -0.241292338805 -0.213536637794
0.792401222606 -0.591321879632 -0.112175855658 -0.0992723398407
0.955122924812 0.289991168828 -0.0603727112709
-0.0246629250149 0.280966316105 0.95940015824
0.295180429409 -0.914856563254 0.275509549431
0
39.9015737761 116.31477413 0

00000023.jpg
C:\Users\86186\Desktop\VisualSFM_windows_cuda_64bit\最终数据\普通镜头\图像\3+4pso\sofa (24).jpg
813.63671875
324.179351807 248.111633301
-1.38500007671 -0.580517079177 -0.470246920184
1.4054067899 -0.261048545787 0.658060567915
-1.39298876579 -0.047444403472 -0.0612396479617
0.766404919443 -0.641366628959 -0.0218445818553 -0.0281962550857
0.99745541824 0.0712403219561 0.00268461874272
-0.0151986724742 0.175707503145 0.984325176787
0.069651798731 -0.981860981619 0.176343080804
0
39.9015737761 116.31477413 0

00000024.jpg
C:\Users\86186\Desktop\VisualSFM_windows_cuda_64bit\最终数据\普通镜头\图像\3+4pso\sofa (2).jpg
813.63671875
324.179351807 248.111633301
-0.111169599714 0.960523202379 0.0604528636575
0.157809333502 -0.128230678702 -0.947244218068
-1.32718965659 -0.174438709314 -0.233520239999
0.777943390543 -0.61370786735 -0.0806624793557 -0.107982463366
0.963666595832 0.267014877785 0.00703776741263
-0.0690020968954 0.223404690856 0.972280088658
0.258041138131 -0.937439827859 0.233712388873
0
39.9015737761 116.31477413 0

00000025.jpg
C:\Users\86186\Desktop\VisualSFM_windows_cuda_64bit\最终数据\普通镜头\图像\3+4pso\sofa (6).jpg
813.63671875
324.179351807 248.111633301
-1.9907623216 0.700395775236 -0.311986275395
2.03609344665 -0.129526519465 -0.623352305158
-1.29250963999 -0.130097969609 -0.142045652152
0.79402654373 -0.601243185106 -0.0605183243542 -0.0660760877039
0.983943293805 0.177704889757 -0.0166508168462
-0.0321597804139 0.268281099699 0.962803754861
0.175561806831 -0.946808437981 0.269688215085
0
39.9015737761 116.31477413 0

00000026.jpg
C:\Users\86186\Desktop\VisualSFM_windows_cuda_64bit\最终数据\普通镜头\图像\3+4pso\sofa (31).jpg
813.63671875
324.179351807 248.111633301
0.133332130104 0.423850214537 0.132325177371
-0.115750809616 -0.0461231461274 -0.446554233291
-1.26575056904 -0.25883320846 -0.381956292375
0.781574031927 -0.586088072962 -0.119849091974 -0.176859511526
0.908714138636 0.416941856908 0.0199685995323
-0.135973349122 0.250443353787 0.958535318827
0.394652351679 -0.873749554171 0.284274377107
0
39.9015769258 116.314751151 0

00000027.jpg
C:\Users\86186\Desktop\VisualSFM_windows_cuda_64bit\最终数据\普通镜头\图像\3+4pso\sofa (21).jpg
813.63671875
324.179351807 248.111633301
-2.20430794683 -0.957589064837 -0.290708687362
2.20876644511 2.22044604925e-016 0.990865131019
-1.37096784978 -0.0315667806038 -0.0344434545953
0.773860805335 -0.632988231379 -0.0145746675445 -0.0159028538929
0.999069286155 0.0430643652208 -0.00242492009515
-0.00616201606174 0.19814597303 0.980153089199
0.0426901357587 -0.979226040809 0.198226924949
0
39.9015737761 116.31477413 0

00000028.jpg
C:\Users\86186\Desktop\VisualSFM_windows_cuda_64bit\最终数据\普通镜头\图像\3+4pso\sofa (10).jpg
813.63671875
324.179351807 248.111633301
-3.76915045318 0.170623932903 -0.146541206425
3.77585020913 0.000314849578676 0.00595180747551
-1.28994583697 -0.00281900752073 -0.0649016767293
0.798624380446 -0.601068036702 -0.00131355539696 -0.0302418305423
0.998167472096 0.0498828123362 0.0342567103961
-0.0467246403852 0.275605204759 0.960134565388
0.0384528598564 -0.95997578828 0.277430927314
0
39.9015737761 116.31477413 0

00000029.jpg
C:\Users\86186\Desktop\VisualSFM_windows_cuda_64bit\最终数据\普通镜头\图像\3+4pso\sofa (11).jpg
813.63671875
324.179351807 248.111633301
-4.36293267316 -0.19016198498 0.0119742304044
4.35924822076 -0.247025127139 0.0861200581695
-1.35652714332 0.0277647584979 0.0727958344161
0.777961690935 -0.627278131652 0.0128388332826 0.0336618660595
0.997404173584 -0.0684823385755 -0.0222544474372
0.0362682303834 0.210778425752 0.976861086942
-0.0622069292377 -0.975132337004 0.212714970914
0
39.9015737761 116.31477413 0

00000030.jpg
C:\Users\86186\Desktop\VisualSFM_windows_cuda_64bit\最终数据\普通镜头\图像\3+4pso\sofa (12).jpg
813.63671875
324.179351807 248.111633301
-4.65713630353 -0.27706561953 -0.0494333275755
4.65262784909 -0.103174703429 0.332466620541
-1.34678561952 0.0261620887132 0.0136956750752
0.781609339519 -0.623618393978 0.0121141475748 0.00634167366437
0.999626122082 -0.0250226252913 0.011027474914
-0.00519577983435 0.222119780305 0.975005525114
-0.0268466486251 -0.974698319002 0.221906736103
0
39.9015737761 116.31477413 0

00000031.jpg
C:\Users\86186\Desktop\VisualSFM_windows_cuda_64bit\最终数据\普通镜头\图像\3+4pso\sofa (30).jpg
813.63671875
324.179351807 248.111633301
0.159595220905 0.0559532627902 -0.0130632824237
-0.136823741293 -0.0849513063928 -0.0532409417215
-1.33463374094 -0.262963285934 -0.343359576233
0.763888303918 -0.613919575878 -0.120960758012 -0.157942332003
0.92084534037 0.389820936415 0.00912678211964
-0.0927802640284 0.196313728883 0.976141597442
0.378728815232 -0.899722336797 0.216942294197
0
39.9015769258 116.314751151 0

