# Camera parameter file. 

# The format of each camera is as follows:
# Filename (of the undistorted image in visualize folder)
# Original filename
# Focal Length (of the undistorted image)
# 2-vec Principal Point (image center)
# 3-vec Translation T (as in P = K[R T])
# 3-vec Camera Position C (as in P = K[R -RC])
# 3-vec Axis Angle format of R
# 4-vec Quaternion format of R
# 3x3 Matrix format of R
# [Normalized radial distortion] = [radial distortion] * [focal length]^2
# 3-vec Lat/Lng/Alt from EXIF

# The nubmer of cameras in this reconstruction
36

00000000.jpg
C:\Users\86186\Desktop\VisualSFM_windows_cuda_64bit\最终数据\3+2\1\sofa (13).jpg
426.169830322
318.996307373 242.324813843
-0.0492492617495 -0.155047413415 0.68355896212
0.172481438152 -0.52991635518 -0.427967628619
1.10257064896 0.195278141559 -0.00827033478228
0.847319069394 0.522931926844 0.0926173528495 -0.00392248978097
0.982814414893 0.103512368903 0.152850543705
0.0902179673398 0.45305472412 -0.886907259759
-0.1610552532 0.885453514682 0.435929282422
0
0 0 0

00000001.jpg
C:\Users\86186\Desktop\VisualSFM_windows_cuda_64bit\最终数据\3+2\1\sofa (15).jpg
426.169830322
318.996307373 242.324813843
-0.885175023203 -0.681832064144 0.633393638011
1.05958800971 -0.162051995809 -0.70755166815
1.13842946081 0.236800152124 -0.0171957634857
0.835660655601 0.53767756747 0.111840157123 -0.00812151881172
0.97485141342 0.133841536596 0.178187068522
0.106694201657 0.421673437556 -0.900447583091
-0.195654607574 0.896816371046 0.396790074303
0
0 0 0

00000002.jpg
C:\Users\86186\Desktop\VisualSFM_windows_cuda_64bit\最终数据\3+2\1\sofa (14).jpg
426.169830322
318.996307373 242.324813843
-0.917619302447 -0.293122385665 0.782616203506
1.09596380998 -0.412587021546 -0.411180948151
1.07397544205 0.266768273687 -0.00882086295477
0.850782834183 0.510002865068 0.126681280188 -0.004188797251
0.967868318128 0.136343229235 0.211283865602
0.122088202047 0.479759385793 -0.868864747374
-0.219829168783 0.866741984563 0.44769801984
0
0 0 0

00000003.jpg
C:\Users\86186\Desktop\VisualSFM_windows_cuda_64bit\最终数据\3+2\1\sofa (12).jpg
426.169830322
318.996307373 242.324813843
0.546383974532 0.0418417832141 0.385008941453
-0.472363460613 -0.421502939517 -0.218463252783
1.10475214788 0.210715577473 -0.0106516656534
0.845999831532 0.523718415805 0.0998917527623 -0.00504952488429
0.979991796136 0.113174069081 0.163727560979
0.0960864802752 0.45138857914 -0.887140375464
-0.174306063054 0.885122390702 0.431482484531
0
0 0 0

00000004.jpg
C:\Users\86186\Desktop\VisualSFM_windows_cuda_64bit\最终数据\3+2\1\sofa (11).jpg
426.169830322
318.996307373 242.324813843
1.12487273766 0.098249273644 0.180002843559
-1.09600121912 -0.301734565492 -0.122988836563
1.12578097747 0.157063313435 -0.00948873076033
0.842784082688 0.533070702099 0.074371349705 -0.00449302703602
0.988898920719 0.0868638000766 0.120567885719
0.0717171934004 0.431631457504 -0.899195334533
-0.130148073238 0.897858676173 0.420609661909
0
0 0 0

00000005.jpg
C:\Users\86186\Desktop\VisualSFM_windows_cuda_64bit\最终数据\3+2\1\sofa (10).jpg
426.169830322
318.996307373 242.324813843
1.82047641369 0.277437739953 -0.157869541916
-1.84283956809 -0.085670218865 0.11235863256
1.13303682268 0.134397250134 0.0095032408858
0.841626280274 0.536282915233 0.0636121859928 0.00449802303366
0.991867581586 0.060656962521 0.111899788474
0.0757995800986 0.424762116546 -0.902127488593
-0.102250961435 0.903271691894 0.416709484461
0
0 0 0

00000006.jpg
C:\Users\86186\Desktop\VisualSFM_windows_cuda_64bit\最终数据\3+2\1\sofa (9).jpg
426.169830322
318.996307373 242.324813843
2.46642209221 0.459544180019 -0.478349968188
-2.52681238798 0.108189583026 0.35600717298
1.13472345659 0.123409262668 0.0125468349411
0.841500885115 0.537056977656 0.0584087737314 0.00593833256331
0.993107126022 0.0527433319932 0.104680523725
0.0727317804257 0.423070155653 -0.90317393686
-0.091923615449 0.904561751358 0.416317676922
0
0 0 0

00000007.jpg
C:\Users\86186\Desktop\VisualSFM_windows_cuda_64bit\最终数据\3+2\1\sofa (8).jpg
426.169830322
318.996307373 242.324813843
3.00265787221 0.260034690315 -0.188248206659
-3.01313600717 -0.116677912886 0.16250049772
1.12429392243 0.0780376228212 -0.0230482601134
0.845328393296 0.532853825528 0.0369855649185 -0.01092361466
0.997025519764 0.0578839187634 0.0508884366501
0.0209477522452 0.431895844399 -0.901680672385
-0.0741713560206 0.900065200395 0.429399005884
0
0 0 0

00000008.jpg
C:\Users\86186\Desktop\VisualSFM_windows_cuda_64bit\最终数据\3+2\1\sofa (7).jpg
426.169830322
318.996307373 242.324813843
3.46974084185 0.279313582632 -0.358271787439
-3.48654407059 -0.0217887119656 0.298336444978
1.11841786237 0.0637993100609 -0.0394471847275
0.847007978668 0.530388772299 0.0302556306326 -0.0187070902408
0.997469573398 0.0637846023198 0.0314094015797
0.000404383553181 0.436675495751 -0.899618834611
-0.0710976406023 0.897355253124 0.435544994563
0
0 0 0

00000009.jpg
C:\Users\86186\Desktop\VisualSFM_windows_cuda_64bit\最终数据\3+2\1\sofa (6).jpg
426.169830322
318.996307373 242.324813843
4.08660558387 0.320346929481 -0.335013674524
-4.09002659917 0.0394390818128 0.430508101899
1.12090148008 0.0176509622127 -0.0263593972395
0.846896222865 0.531545252823 0.0083703031343 -0.0124999500125
0.99954709426 0.0300707401435 0.000888848312888
-0.0122739016629 0.434606330386 -0.900535870679
-0.0274662641218 0.90011879691 0.434779424563
0
0 0 0

00000010.jpg
C:\Users\86186\Desktop\VisualSFM_windows_cuda_64bit\最终数据\3+2\1\sofa (5).jpg
426.169830322
318.996307373 242.324813843
4.79927633414 0.295755807057 -0.633541577721
-4.8139213983 0.217242805167 0.548501405715
1.1054775234 0.0248780146983 -0.0403199659782
0.850823350242 0.524970001936 0.0118140904251 -0.0191471759213
0.998987886845 0.044985752152 2.77555756156e-017
-0.0201777053082 0.44807972607 -0.893765787891
-0.0402068159821 0.892861155402 0.448533880351
0
0 0 0

00000011.jpg
C:\Users\86186\Desktop\VisualSFM_windows_cuda_64bit\最终数据\3+2\1\sofa (4).jpg
426.169830322
318.996307373 242.324813843
5.31181033922 0.434606756911 -0.777116768176
-5.3347630029 0.372101825331 0.640256961513
1.08195765325 0.0295010695158 -0.00758941116108
0.857094788942 0.514955016538 0.014040959639 -0.00361216110281
0.999580216829 0.0206528013544 0.0203485095024
0.00826894352219 0.4696167977 -0.882831744977
-0.0277892238509 0.882629299881 0.469248894398
0
0 0 0

00000012.jpg
C:\Users\86186\Desktop\VisualSFM_windows_cuda_64bit\最终数据\3+2\1\sofa (32).jpg
426.169830322
318.996307373 242.324813843
5.81568822931 0.10471712564 1.1484742311
-5.84407791714 -0.983041758277 -0.180492899308
1.07794907699 -0.049039540364 -0.0128830933001
0.857929493113 0.513200109219 -0.0233472044348 -0.00613350391943
0.998834461777 -0.0134391498262 -0.0463560959838
-0.0344876054606 0.473176163371 -0.880292516198
0.0337649250816 0.880865522073 0.472161435461
0
0 0 0

00000013.jpg
C:\Users\86186\Desktop\VisualSFM_windows_cuda_64bit\最终数据\3+2\1\sofa (33).jpg
426.169830322
318.996307373 242.324813843
6.21312949395 0.105117290167 1.02722782906
-6.25554900152 -0.693485064563 0.237402343407
1.07781920611 -0.113555981116 -0.0166752521899
0.856701209762 0.512913209615 -0.0540390841198 -0.00793542838478
0.994034227364 -0.041838075999 -0.100730919398
-0.0690312403879 0.473714107881 -0.877969169849
0.0844504755609 0.879684298869 0.467999515983
0
0 0 0

00000014.jpg
C:\Users\86186\Desktop\VisualSFM_windows_cuda_64bit\最终数据\3+2\1\sofa (35).jpg
426.169830322
318.996307373 242.324813843
6.83727073776 0.23485255652 0.85861205254
-6.84038684492 -0.322562737381 0.803489312585
1.09809288272 -0.172729458145 -0.00705117491343
0.849473988775 0.521211008589 -0.0819862294978 -0.00334684801822
0.986535261786 -0.0797781956583 -0.1427789796
-0.0911504370017 0.456654870853 -0.88496131856
0.135801697985 0.886059459277 0.44323409778
0
0 0 0

00000015.jpg
C:\Users\86186\Desktop\VisualSFM_windows_cuda_64bit\最终数据\3+2\1\sofa (36).jpg
426.169830322
318.996307373 242.324813843
6.90909058512 -0.03136299498 0.771287939577
-6.92000935847 2.22044604925e-016 0.666963496525
1.06307628299 -0.189796644258 0.00393361392684
0.857736168724 0.50608439253 -0.0903539293936 0.00187262254503
0.983665652937 -0.0946659004828 -0.15310442283
-0.0882410361338 0.487750129465 -0.86851200086
0.156894910079 0.867835550738 0.47142955815
0
0 0 0

00000016.jpg
C:\Users\86186\Desktop\VisualSFM_windows_cuda_64bit\最终数据\3+2\1\sofa (3).jpg
426.169830322
318.996307373 242.324813843
6.01734207117 0.829777210905 -0.6901415458
-6.05455601314 0.33000136135 0.778892208543
1.07655279202 0.0313173754254 0.0421669772208
0.858265074662 0.512596765181 0.0149116564056 0.0200776555326
0.99874918097 -0.0191765342387 0.046179779558
0.0497512678603 0.473682510016 -0.879288865084
-0.00501283603504 0.880486738674 0.474044062552
0
0 0 0

00000017.jpg
C:\Users\86186\Desktop\VisualSFM_windows_cuda_64bit\最终数据\3+2\1\sofa (2).jpg
426.169830322
318.996307373 242.324813843
6.64222918713 1.02471868745 -0.769867422582
-6.63480601816 0.578262622881 1.18611110934
1.08056632717 -0.0201222636373 0.0582321237893
0.857111425412 0.514295874715 -0.00957719754757 0.0277155971712
0.998280869368 -0.0573616333009 0.0120906221812
0.0376597866892 0.469463199887 -0.882148663099
0.044925523947 0.881086817942 0.470815913034
0
0 0 0

00000018.jpg
C:\Users\86186\Desktop\VisualSFM_windows_cuda_64bit\最终数据\3+2\1\sofa (34).jpg
426.169830322
318.996307373 242.324813843
6.40297747993 0.0357370178182 0.856381138926
-6.42642416717 -0.417647177837 0.509352217713
1.07536715367 -0.153533783339 -0.0244725955057
0.85602087362 0.511621927742 -0.0730459824231 -0.0116432015305
0.989057324896 -0.0548101415854 -0.136971790883
-0.0946774357688 0.476215067315 -0.874217260152
0.11314375187 0.877618938045 0.465814552084
0
0 0 0

00000019.jpg
C:\Users\86186\Desktop\VisualSFM_windows_cuda_64bit\最终数据\3+2\1\sofa (1).jpg
426.169830322
318.996307373 242.324813843
7.82147439978 0.0192464665885 0.218550199654
-7.60885133987 1.27406736457 1.30599674286
1.14269108565 -0.267235499527 0.0673409454285
0.832203185972 0.539016344768 -0.126057080479 0.0317652519686
0.966202014557 -0.188764000451 -0.175566176114
-0.0830234248847 0.416904674747 -0.905150806045
0.244054239843 0.889133671581 0.387141881663
0
0 0 0

00000020.jpg
C:\Users\86186\Desktop\VisualSFM_windows_cuda_64bit\最终数据\3+2\1\sofa (19).jpg
426.169830322
318.996307373 242.324813843
-0.0703444487599 -0.983855055264 0.374434628841
0.189659384871 0 -1.03785861985
1.21305965439 0.137252036543 0.0146211216466
0.819393738264 0.569555794565 0.0644425790979 0.00686490934446
0.991600393348 0.0621571196139 0.113427657322
0.0846573745363 0.351117690571 -0.932495978909
-0.0977877258397 0.934265827723 0.342906309303
0
0 0 0

00000021.jpg
C:\Users\86186\Desktop\VisualSFM_windows_cuda_64bit\最终数据\3+2\1\sofa (18).jpg
426.169830322
318.996307373 242.324813843
0.199233480807 -1.05740826804 0.369477298642
-0.204434103315 0.0314619030235 -1.11872055971
1.20112071868 0.0144935569656 -0.0281834057648
0.824901081706 0.565080658565 0.00681865576678 -0.0132591980493
0.999555853985 0.0295813089157 -0.00373564212057
-0.014168798338 0.36101623989 -0.932452179832
-0.0262345081918 0.932090406174 0.361275084523
0
0 0 0

00000022.jpg
C:\Users\86186\Desktop\VisualSFM_windows_cuda_64bit\最终数据\3+2\1\sofa (16).jpg
426.169830322
318.996307373 242.324813843
-0.605759700223 -0.951306511237 0.523216540937
0.778405441329 -0.0330330722099 -0.968853791401
1.15115028688 0.194651368832 0.016018488518
0.834373829694 0.543432921251 0.0918906620583 0.00756197875169
0.982998171497 0.0872538282827 0.161561181538
0.112491896967 0.409246902918 -0.905462616562
-0.145123472921 0.908242214183 0.392473676297
0
0 0 0

00000023.jpg
C:\Users\86186\Desktop\VisualSFM_windows_cuda_64bit\最终数据\3+2\1\sofa (17).jpg
426.169830322
318.996307373 242.324813843
-0.462584384973 -1.10056684957 0.502976983559
0.612324447948 0.0263359133769 -1.14130721275
1.15349629167 0.158924492472 0.00313820368531
0.835255864973 0.544713960742 0.0750486935921 0.0014819495922
0.988731353289 0.0792845337433 0.126984237103
0.0842357620972 0.406569191245 -0.90972864313
-0.123755208822 0.91017347864 0.395308895351
0
0 0 0

00000024.jpg
C:\Users\86186\Desktop\VisualSFM_windows_cuda_64bit\最终数据\3+2\1\sofa (21).jpg
426.169830322
318.996307373 242.324813843
2.120566951 -1.81668122765 0.796893980752
-2.22022531415 0.0431748993393 -1.87107252253
1.09531486436 -0.0250579696792 -0.0602475313292
0.853240611526 0.520594423581 -0.0119098532356 -0.0286351713696
0.998076298228 0.0364649123186 -0.0501385925574
-0.0612658522035 0.45632272379 -0.88770238675
-0.00949071072569 0.889066830584 0.45767914261
0
0 0 0

00000025.jpg
C:\Users\86186\Desktop\VisualSFM_windows_cuda_64bit\最终数据\3+2\1\sofa (24).jpg
426.169830322
318.996307373 242.324813843
2.7348662667 -1.84272238095 0.627926798858
-2.78663352385 0.0112212162526 -1.87188585854
1.0808717239 0.0423975608113 -0.107403389585
0.855898268874 0.51421827491 0.0201703866413 -0.0510965219005
0.993964727602 0.108210757591 -0.0180218832764
-0.0667229409698 0.465937255966 -0.882298248365
-0.0870770793115 0.87817587691 0.470345403078
0
0 0 0

00000026.jpg
C:\Users\86186\Desktop\VisualSFM_windows_cuda_64bit\最终数据\3+2\1\sofa (23).jpg
426.169830322
318.996307373 242.324813843
2.50433980234 -1.82470714909 0.706192358011
-2.56255443165 0.0366611791918 -1.87934808043
1.07817734496 0.0209264312645 -0.085396813229
0.857256878605 0.513185499964 0.00996045886249 -0.040646751202
0.996497483185 0.0799125970858 -0.0246412837307
-0.0594662311578 0.469977069684 -0.880673356129
-0.0587959712264 0.879053843247 0.473082870791
0
0 0 0

00000027.jpg
C:\Users\86186\Desktop\VisualSFM_windows_cuda_64bit\最终数据\3+2\1\sofa (26).jpg
426.169830322
318.996307373 242.324813843
3.14553997361 -1.75976634256 0.536353194987
-3.12763336198 -0.0790191413402 -1.86829937343
1.07611197713 0.0937272672902 -0.114925201672
0.856089363362 0.511988820998 0.0445932338782 -0.0546787135145
0.99004315533 0.139282183531 0.0203618398589
-0.047957276637 0.469755329803 -0.881493218069
-0.132341332945 0.871739517198 0.471757507115
0
0 0 0

00000028.jpg
C:\Users\86186\Desktop\VisualSFM_windows_cuda_64bit\最终数据\3+2\1\sofa (25).jpg
426.169830322
318.996307373 242.324813843
3.36310733338 -1.81537953679 0.532614389753
-3.37562229829 -0.081605187753 -1.86769380106
1.06331202503 0.0837972295105 -0.129033877864
0.859148671202 0.506451919132 0.0399123368347 -0.0614583993586
0.989260059273 0.146031198947 0.00632979296277
-0.0651764096254 0.479458573741 -0.875140722283
-0.130832731662 0.865329251117 0.483827123898
0
0 0 0

00000029.jpg
C:\Users\86186\Desktop\VisualSFM_windows_cuda_64bit\最终数据\3+2\1\sofa (27).jpg
426.169830322
318.996307373 242.324813843
3.47662345807 -1.85624748673 0.457990217014
-3.54117014118 -0.00747826546803 -1.78952071739
1.05822749507 0.0638175644814 -0.140622142127
0.860412426079 0.504257453306 0.0304097962785 -0.0670080522357
0.989170117811 0.145977867982 -0.0152487136102
-0.0846403751822 0.482468694825 -0.871814185342
-0.119908579981 0.86366332973 0.489599359172
0
0 0 0

00000030.jpg
C:\Users\86186\Desktop\VisualSFM_windows_cuda_64bit\最终数据\3+2\1\sofa (28).jpg
426.169830322
318.996307373 242.324813843
4.37714342246 -1.75608013384 0.760227564947
-4.49196932191 -0.290399720857 -1.59969791092
1.11180225575 -0.0145716076643 -0.116552714575
0.847788507303 0.527399190654 -0.00691224905231 -0.0552884355266
0.993790679862 0.0864547398751 -0.0700383837713
-0.10103686103 0.437586305405 -0.893481566044
-0.0465978825467 0.895010324344 0.443604427195
0
0 0 0

00000031.jpg
C:\Users\86186\Desktop\VisualSFM_windows_cuda_64bit\最终数据\3+2\1\sofa (29).jpg
426.169830322
318.996307373 242.324813843
3.97696194813 -1.8241920343 0.354086018585
-4.06048087073 0 -1.66786793513
1.06940080597 0.0518054157344 -0.139914599909
0.857770725956 0.509101505287 0.0246626101132 -0.0666080790547
0.989910013596 0.139380485272 -0.025510848267
-0.0891573560295 0.472757906778 -0.876670307559
-0.11013030819 0.870099163542 0.480414552857
0
0 0 0

00000032.jpg
C:\Users\86186\Desktop\VisualSFM_windows_cuda_64bit\最终数据\3+2\1\sofa (30).jpg
426.169830322
318.996307373 242.324813843
4.94338293059 -0.876225584049 0.764933630522
-4.95771984893 -0.701871391769 -0.84753109366
1.09565054762 -0.00432961103487 -0.107471337754
0.852284748001 0.520575803971 -0.0020571255591 -0.0510627938592
0.994776930726 0.0848983021364 -0.0566705976508
-0.0891818594495 0.452786951723 -0.887147531102
-0.0496575706959 0.887567740509 0.45799328425
0
0 0 0

00000033.jpg
C:\Users\86186\Desktop\VisualSFM_windows_cuda_64bit\最终数据\3+2\1\sofa (31).jpg
426.169830322
318.996307373 242.324813843
5.40677641516 -0.27618420004 0.932895532627
-5.40039025775 -0.868565364523 -0.51105183095
1.11172578997 -0.00890635270355 -0.0409972962127
0.849236648496 0.527636973004 -0.00422705043223 -0.0194577561034
0.999207190504 0.028587719742 -0.0277127764138
-0.0375092385799 0.44244138127 -0.89601270421
-0.0133537118455 0.896341914098 0.443162968823
0
0 0 0

00000034.jpg
C:\Users\86186\Desktop\VisualSFM_windows_cuda_64bit\最终数据\3+2\1\sofa (22).jpg
426.169830322
318.996307373 242.324813843
1.66034771245 -1.66651117218 0.826043948098
-1.79124195892 0.00171478757735 -1.73430468843
1.09337265276 -0.0559508211791 -0.05501650599
0.853520023696 0.519723273682 -0.0265956386186 -0.0261515216494
0.997217466318 0.0169969584804 -0.0725829262039
-0.0722864310312 0.458407545971 -0.885797416415
0.018216714212 0.888579467059 0.458360711115
0
0 0 0

00000035.jpg
C:\Users\86186\Desktop\VisualSFM_windows_cuda_64bit\最终数据\3+2\1\sofa (20).jpg
426.169830322
318.996307373 242.324813843
1.25853957367 -1.57508762672 0.785360672855
-1.36386158557 -0.00661199002833 -1.67971788729
1.11169976604 -0.054810515351 -0.0339826651572
0.848958816609 0.527572048911 -0.0260110659091 -0.0161269299789
0.998126658828 -6.32361058412e-005 -0.0611808783477
-0.0548276336674 0.442815318424 -0.894934932334
0.0271484165839 0.896612836943 0.441982311939
0
0 0 0

