# Camera parameter file. 

# The format of each camera is as follows:
# Filename (of the undistorted image in visualize folder)
# Original filename
# Focal Length (of the undistorted image)
# 2-vec Principal Point (image center)
# 3-vec Translation T (as in P = K[R T])
# 3-vec Camera Position C (as in P = K[R -RC])
# 3-vec Axis Angle format of R
# 4-vec Quaternion format of R
# 3x3 Matrix format of R
# [Normalized radial distortion] = [radial distortion] * [focal length]^2
# 3-vec Lat/Lng/Alt from EXIF

# The nubmer of cameras in this reconstruction
36

00000000.jpg
C:\Users\86186\Desktop\VisualSFM_windows_cuda_64bit\最终数据\广角数据\3+4\1-36\sofa (32).jpg
429.562530518
323.779724121 244.005172729
0.790799600966 -0.106220826199 -0.17674629617
-0.750189142193 -0.298224583588 0.127131681265
-1.42651566479 -0.124875422391 -0.14964008586
0.75188207876 -0.653228925893 -0.0571828547364 -0.0685230698617
0.984071080922 0.177749683941 0.00353306554882
-0.0283353889013 0.13719218318 0.990138772281
0.175512120303 -0.974465718545 0.140043377341
0
0 0 0

00000001.jpg
C:\Users\86186\Desktop\VisualSFM_windows_cuda_64bit\最终数据\广角数据\3+4\1-36\sofa (35).jpg
429.562530518
323.779724121 244.005172729
1.512950194 0.116063832477 -0.545194039048
-1.27332173892 -0.985935635809 -0.0794132677422
-1.394570916 -0.182841346015 -0.280384309604
0.753721202527 -0.639043750404 -0.083784638089 -0.128482416138
0.952945039571 0.300763958418 0.0379112285835
-0.0865957263639 0.150230741008 0.984850698429
0.290512261279 -0.941792597659 0.169206823979
0
0 0 0

00000002.jpg
C:\Users\86186\Desktop\VisualSFM_windows_cuda_64bit\最终数据\广角数据\3+4\1-36\sofa (33).jpg
429.562530518
323.779724121 244.005172729
1.0879354489 -0.0262203472387 -0.355540450207
-0.974827873232 -0.598577140087 0.0459904891797
-1.42210305973 -0.148721759485 -0.219444248264
0.749625469164 -0.650653916174 -0.0680445728363 -0.100402188532
0.97057927587 0.2390749724 0.028638435266
-0.0619811783326 0.133136462669 0.989156907474
0.232670214612 -0.961830081227 0.14403763754
0
0 0 0

00000003.jpg
C:\Users\86186\Desktop\VisualSFM_windows_cuda_64bit\最终数据\广角数据\3+4\1-36\sofa (36).jpg
429.562530518
323.779724121 244.005172729
1.59080198401 -0.0714827015522 -0.632903810249
-1.31268541838 -1.09734033605 0.0950010912519
-1.42952949315 -0.204200990488 -0.295406464053
0.740506264351 -0.651797666208 -0.0931059692547 -0.134691340595
0.946379635667 0.320852140142 0.0376917698634
-0.0781069857156 0.11403608484 0.99040121276
0.313473983789 -0.940239806905 0.132982389663
0
0 0 0

00000004.jpg
C:\Users\86186\Desktop\VisualSFM_windows_cuda_64bit\最终数据\广角数据\3+4\1-36\sofa (3).jpg
429.562530518
323.779724121 244.005172729
0.845742559041 0.066002114943 -1.06045321814
-0.699016073904 -1.15538616795 0.143722225739
-1.42446591654 -0.14985967436 -0.0499073334092
0.754044712228 -0.652822312229 -0.0686795928142 -0.022872165922
0.989520463395 0.124164376682 -0.0737119554388
0.0551778335993 0.146600410093 0.987656313931
0.133437979759 -0.981372536314 0.138212838671
0
0 0 0

00000005.jpg
C:\Users\86186\Desktop\VisualSFM_windows_cuda_64bit\最终数据\广角数据\3+4\1-36\sofa (2).jpg
429.562530518
323.779724121 244.005172729
1.23375047448 0.216577366392 -1.21270301596
-0.991047312922 -1.4336274123 0.0472294153661
-1.41461501134 -0.186584197754 -0.0997444047515
0.754978845528 -0.648535866139 -0.0855402659578 -0.0457282182145
0.981183599366 0.179999458265 -0.0698494201565
0.0419041086821 0.154620252048 0.987084413176
0.1884749448 -0.97143902483 0.144168377366
0
0 0 0

00000006.jpg
C:\Users\86186\Desktop\VisualSFM_windows_cuda_64bit\最终数据\广角数据\3+4\1-36\sofa (4).jpg
429.562530518
323.779724121 244.005172729
0.466087744747 -0.0118341764343 -1.06308340878
-0.346427471231 -1.09278655303 0.182561044532
-1.41950982556 -0.10069322765 -0.0665857718912
0.756849949236 -0.651238391025 -0.0461957320626 -0.030548017471
0.993866899416 0.10640948939 -0.030138351457
0.0139284275008 0.149911122047 0.988602059863
0.109714598409 -0.982956912886 0.147509361168
0
0 0 0

00000007.jpg
C:\Users\86186\Desktop\VisualSFM_windows_cuda_64bit\最终数据\广角数据\3+4\1-36\sofa (5).jpg
429.562530518
323.779724121 244.005172729
0.221516093447 -0.0155897797244 -0.964077237181
-0.124118780961 -0.965524582695 0.176389711104
-1.40169587726 -0.071347983072 -0.0844506398619
0.762890347459 -0.644526376168 -0.0328071571889 -0.0388320075405
0.994832369997 0.101539322954 1.04083408559e-017
-0.0169589319462 0.166155487445 0.985953570391
0.100113054188 -0.980858233854 0.167018871541
0
0 0 0

00000008.jpg
C:\Users\86186\Desktop\VisualSFM_windows_cuda_64bit\最终数据\广角数据\3+4\1-36\sofa (34).jpg
429.562530518
323.779724121 244.005172729
1.25288899609 -0.0100781991879 -0.503747772002
-1.07001201626 -0.82353115184 0.0215316030244
-1.42188094135 -0.158713173475 -0.264869524018
0.746831654349 -0.649865756595 -0.072539305903 -0.121057698025
0.960166415905 0.275101063449 0.0489932028732
-0.0865378201007 0.126038652387 0.988242648331
0.265691802205 -0.95311862408 0.144825011459
0
0 0 0

00000009.jpg
C:\Users\86186\Desktop\VisualSFM_windows_cuda_64bit\最终数据\广角数据\3+4\1-36\sofa (6).jpg
429.562530518
323.779724121 244.005172729
-0.0622461812029 -0.00414374141486 -0.835200356461
0.161627531967 -0.807016467731 0.155085028232
-1.38564669649 -0.0925902774038 -0.0920462691771
0.767482631532 -0.638243491892 -0.0426480589281 -0.0423974829977
0.992769296741 0.119518598065 -0.0113434109274
-0.0106387292208 0.181695839173 0.983297930379
0.119583167056 -0.976065248481 0.181653222896
0
0 0 0

00000010.jpg
C:\Users\86186\Desktop\VisualSFM_windows_cuda_64bit\最终数据\广角数据\3+4\1-36\sofa (7).jpg
429.562530518
323.779724121 244.005172729
-0.405028645974 -0.0492334401062 -0.748036186746
0.460057842591 -0.694909001798 0.17741976839
-1.38764832051 -0.0639250848423 -0.0504578697384
0.768042437092 -0.639299306551 -0.029450734604 -0.0232462942211
0.997185051279 0.0733639645133 -0.0155161854783
0.00194740264571 0.181512716828 0.983387278055
0.0749614704392 -0.980648711683 0.180858972588
0
0 0 0

00000011.jpg
C:\Users\86186\Desktop\VisualSFM_windows_cuda_64bit\最终数据\广角数据\3+4\1-36\sofa (8).jpg
429.562530518
323.779724121 244.005172729
-0.608433588858 -0.0803276530484 -0.65088108208
0.657308368625 -0.579425837759 0.180279316748
-1.37826863646 -0.0780337504077 -0.0337441555416
0.770963493852 -0.635671517766 -0.0359899596105 -0.0155631478519
0.996925689614 0.0697529071789 -0.0357077742538
0.021758431806 0.191359615114 0.981279284978
0.0752800057659 -0.979038852136 0.189253530679
0
0 0 0

00000012.jpg
C:\Users\86186\Desktop\VisualSFM_windows_cuda_64bit\最终数据\广角数据\3+4\1-36\sofa (9).jpg
429.562530518
323.779724121 244.005172729
-0.861447226308 -0.0744634011756 -0.767878479037
0.908112533569 -0.698455016489 0.157366518756
-1.36309948372 -0.0984305825932 0.0204234757274
0.775430200961 -0.629723539513 -0.0454728767834 0.00943521993645
0.995686865354 0.0426379145763 -0.0824052689458
0.071903332542 0.206719266981 0.97575516019
0.0586388989838 -0.977471442986 0.202761853912
0
0 0 0

00000013.jpg
C:\Users\86186\Desktop\VisualSFM_windows_cuda_64bit\最终数据\广角数据\3+4\1-36\sofa (10).jpg
429.562530518
323.779724121 244.005172729
-1.17907635912 -0.157537619037 -0.579363882419
1.21445728192 -0.495578769781 0.173772169481
-1.36236460294 -0.0921015605639 0.0294659842561
0.775748642783 -0.629458700073 -0.0425540479119 0.0136142851232
0.996007681855 0.0324493256536 -0.0831619131565
0.0746943784807 0.207193590135 0.975445217632
0.0488830664939 -0.977761711446 0.203942555131
0
0 0 0

00000014.jpg
C:\Users\86186\Desktop\VisualSFM_windows_cuda_64bit\最终数据\广角数据\3+4\1-36\sofa (11).jpg
429.562530518
323.779724121 244.005172729
-1.53375882557 -0.234560372851 -0.340254517169
1.55359771051 -0.275806109834 0.182950165598
-1.3680040173 -0.0671560065718 0.0453488029759
0.774292163527 -0.631721379263 -0.0310115208442 0.0209413188862
0.997199932998 0.00675182636901 -0.0744820987386
0.0716106227991 0.200979990607 0.976975243509
0.0215658115363 -0.979572410474 0.199933494393
0
0 0 0

00000015.jpg
C:\Users\86186\Desktop\VisualSFM_windows_cuda_64bit\最终数据\广角数据\3+4\1-36\sofa (12).jpg
429.562530518
323.779724121 244.005172729
-1.87082210052 -0.316448245346 -0.129711539302
1.88836382994 -0.155593197447 0.163757455782
-1.38156416641 -0.0440004895036 0.101732904769
0.769331781773 -0.63680317195 -0.0202811074321 0.0468916594855
0.994779167325 -0.0463203402793 -0.0909273267299
0.0979806354898 0.184565724561 0.977923891843
-0.0285157246617 -0.981727783818 0.188140669897
0
0 0 0

00000016.jpg
C:\Users\86186\Desktop\VisualSFM_windows_cuda_64bit\最终数据\广角数据\3+4\1-36\sofa (1).jpg
429.562530518
323.779724121 244.005172729
2.23208503311 0.0857741669552 -1.08669437266
-1.5829207622 -1.90754984433 0.161486062528
-1.32791407451 -0.291438441331 -0.357863340012
0.762961012327 -0.610616282707 -0.134012479496 -0.164556718382
0.909923676509 0.414761265187 -0.00353074870656
-0.0874401765819 0.200137644712 0.975858180144
0.405454439377 -0.887647488644 0.218376704101
0
0 0 0

00000017.jpg
C:\Users\86186\Desktop\VisualSFM_windows_cuda_64bit\最终数据\广角数据\3+4\1-36\sofa (13).jpg
429.562530518
323.779724121 244.005172729
-2.11772020854 -0.398294324198 -0.0167768288081
2.14531815269 0 0.203155124954
-1.38451862982 -0.0564317090801 0.0844115100545
0.768617856984 -0.637994692626 -0.0260040783225 0.0388973425502
0.995621253676 -0.0266136380412 -0.0896070930085
0.092975130252 0.182899395345 0.97872544227
-0.00965829719603 -0.982771011385 0.184572991281
0
0 0 0

00000018.jpg
C:\Users\86186\Desktop\VisualSFM_windows_cuda_64bit\最终数据\广角数据\3+4\1-36\sofa (14).jpg
429.562530518
323.779724121 244.005172729
-2.59032217019 -0.552500937494 0.170474128916
2.64528143669 0.0102382967181 0.215557828083
-1.40420691034 -0.0288761417625 0.159356638314
0.760471421634 -0.645095198533 -0.0132657518389 0.0732087283388
0.988929278996 -0.0942309961078 -0.114629698487
0.128461586755 0.156985447679 0.97921112402
-0.0742767978471 -0.98309472685 0.16735240581
0
0 0 0

00000019.jpg
C:\Users\86186\Desktop\VisualSFM_windows_cuda_64bit\最终数据\广角数据\3+4\1-36\sofa (15).jpg
429.562530518
323.779724121 244.005172729
-2.53561649611 -0.626972441805 0.0260012959813
2.58561403255 -0.00173401543148 0.371100546883
-1.34363684723 -0.0332277929587 0.116566438432
0.780990212708 -0.622017343086 -0.0153823285923 0.0539627552462
0.993703018546 -0.0651524956323 -0.091158443578
0.10342503916 0.220364498271 0.969918604807
-0.043104651261 -0.973239223534 0.225715332567
0
0 0 0

00000020.jpg
C:\Users\86186\Desktop\VisualSFM_windows_cuda_64bit\最终数据\广角数据\3+4\1-36\sofa (19).jpg
429.562530518
323.779724121 244.005172729
-2.03818746506 -0.697046046509 -0.337101698278
2.09921878187 -0.0483553233525 0.587074805937
-1.28496577571 -0.0978398393863 0.0219802997121
0.799438586426 -0.598926917642 -0.0456034818469 0.0102450924408
0.995631203439 0.0382457315214 -0.0851865414613
0.0710070203962 0.282363214908 0.956676277927
0.0606421907938 -0.958544875723 0.278413795522
0
0 0 0

00000021.jpg
C:\Users\86186\Desktop\VisualSFM_windows_cuda_64bit\最终数据\广角数据\3+4\1-36\sofa (18).jpg
429.562530518
323.779724121 244.005172729
-1.79421482156 -0.582498856372 -0.510963029575
1.83449525035 -0.0845575661179 0.668630847488
-1.30806173578 -0.105537035701 -0.112313279031
0.790877598936 -0.607770591874 -0.0490361463055 -0.0521846226404
0.989745153248 0.14214885846 -0.0141306666722
-0.0229377377607 0.255783445929 0.966462219649
0.140995691933 -0.956226365972 0.256420906821
0
0 0 0

00000022.jpg
C:\Users\86186\Desktop\VisualSFM_windows_cuda_64bit\最终数据\广角数据\3+4\1-36\sofa (16).jpg
429.562530518
323.779724121 244.005172729
-2.3374989648 -0.783862377638 -0.152078937613
2.40985457321 0 0.542283559696
-1.33818584115 -0.0820625029446 0.0832874763617
0.782800989149 -0.619910486921 -0.0380152028172 0.0385826679959
0.994132325132 -0.0132730174212 -0.107352259255
0.107537185264 0.228445131901 0.967599682045
0.0116810942169 -0.973466487339 0.228532097421
0
0 0 0

00000023.jpg
C:\Users\86186\Desktop\VisualSFM_windows_cuda_64bit\最终数据\广角数据\3+4\1-36\sofa (17).jpg
429.562530518
323.779724121 244.005172729
-2.24299243858 -0.805181409881 -0.214885533723
2.30581104068 0.0120109994646 0.639215910396
-1.34100147387 -0.0833221434315 0.0427776021885
0.782494725914 -0.621144217441 -0.0385943405624 0.019814340814
0.996235974091 0.0169359846359 -0.0850149172146
0.0789544533735 0.227574908605 0.970554623853
0.0357845545461 -0.973613672866 0.225381101635
0
0 0 0

00000024.jpg
C:\Users\86186\Desktop\VisualSFM_windows_cuda_64bit\最终数据\广角数据\3+4\1-36\sofa (21).jpg
429.562530518
323.779724121 244.005172729
-0.959424643117 -0.892798035152 -0.286763762219
0.937328003324 0.00681309284914 0.959783957344
-1.40307586666 -0.0780254595572 -0.148779718965
0.760607122102 -0.644608437319 -0.0358468638448 -0.0683531549685
0.988086378416 0.150194197672 0.0335912302598
-0.0577653882769 0.159616046078 0.985488103887
0.142652750041 -0.97568696968 0.166390352275
0
0 0 0

00000025.jpg
C:\Users\86186\Desktop\VisualSFM_windows_cuda_64bit\最终数据\广角数据\3+4\1-36\sofa (24).jpg
429.562530518
323.779724121 244.005172729
-0.774583637785 -0.890385399982 -0.19059478474
0.726934361863 -0.00047348156437 0.949029774645
-1.41646359247 -0.00493013977882 -0.0947807037352
0.758479362671 -0.650239140965 -0.00226322079273 -0.0435098534861
0.996204129386 0.0689459491302 0.0531503549082
-0.063059354638 0.150591903556 0.986583075906
0.060016779966 -0.986188800985 0.154367741448
0
0 0 0

00000026.jpg
C:\Users\86186\Desktop\VisualSFM_windows_cuda_64bit\最终数据\广角数据\3+4\1-36\sofa (23).jpg
429.562530518
323.779724121 244.005172729
-0.828994877834 -0.900094863705 -0.217577462698
0.79546450282 0.00223920095554 0.954972441792
-1.4182827328 -0.0386162381038 -0.11150931222
0.757323507788 -0.650791344161 -0.0177193960842 -0.0511670159323
0.994136884063 0.100563259927 0.0397593612223
-0.0544366760291 0.147705287867 0.987532753873
0.093436622016 -0.983905580519 0.152313409865
0
0 0 0

00000027.jpg
C:\Users\86186\Desktop\VisualSFM_windows_cuda_64bit\最终数据\广角数据\3+4\1-36\sofa (26).jpg
429.562530518
323.779724121 244.005172729
-0.655867111603 -0.902701737195 -0.130089754835
0.615347055691 0.0143927438673 0.939731575711
-1.42185354952 0.0255534587366 -0.0431225739124
0.75746926814 -0.652465610922 0.0117260691661 -0.0197882521318
0.9989422607 0.0146762835717 0.0435865961559
-0.0452796878684 0.147794184887 0.987981376764
0.00805804803813 -0.988909218402 0.148302323122
0
0 0 0

00000028.jpg
C:\Users\86186\Desktop\VisualSFM_windows_cuda_64bit\最终数据\广角数据\3+4\1-36\sofa (25).jpg
429.562530518
323.779724121 244.005172729
-0.56870226048 -0.905525709803 -0.132576689232
0.513163114023 -0.00121296605437 0.947437346072
-1.43507968744 0.0383705176527 -0.0551155629528
0.752909029254 -0.657405089869 0.017577402723 -0.0252482506255
0.998106610594 0.0149083347464 0.0596649980064
-0.0611302087289 0.134362285678 0.989045300833
0.0067282571224 -0.990819611326 0.135019129055
0
0 0 0

00000029.jpg
C:\Users\86186\Desktop\VisualSFM_windows_cuda_64bit\最终数据\广角数据\3+4\1-36\sofa (27).jpg
429.562530518
323.779724121 244.005172729
-0.502867774614 -0.893081344106 -0.199444228417
0.433792332593 -0.0701363840664 0.947181953022
-1.44149176155 0.0424375732811 -0.0784967466806
0.750402332518 -0.659718297156 0.0194221322155 -0.0359251030311
0.996664434461 0.0282902870591 0.0765497727062
-0.0795428373829 0.126961734715 0.988712940608
0.0182521194384 -0.991503655353 0.128788473415
0
0 0 0

00000030.jpg
C:\Users\86186\Desktop\VisualSFM_windows_cuda_64bit\最终数据\广角数据\3+4\1-36\sofa (28).jpg
429.562530518
323.779724121 244.005172729
0.0251736553991 -0.77458585133 -0.214090679391
-0.0822655840663 -0.0803894017892 0.795752099763
-1.39126248963 -0.0104182312353 -0.151870356394
0.764982141156 -0.640230637722 -0.00479425764543 -0.0698876422311
0.990185190547 0.113064451924 0.0821533380915
-0.100786740853 0.170441430052 0.98020005987
0.096823424007 -0.978859956444 0.180164084553
0
0 0 0

00000031.jpg
C:\Users\86186\Desktop\VisualSFM_windows_cuda_64bit\最终数据\广角数据\3+4\1-36\sofa (29).jpg
429.562530518
323.779724121 244.005172729
-0.279608188971 -0.856028496979 -0.269025757122
0.21116510293 -0.138988792007 0.905224850123
-1.43072123687 0.0419637627884 -0.0882873294045
0.753761779824 -0.655619183297 0.0192296355002 -0.0404571242168
0.995986969713 0.0357754050196 0.0820380464724
-0.0862047308054 0.137053163057 0.986805412252
0.0240597893523 -0.989917317705 0.139587150127
0
0 0 0

00000032.jpg
C:\Users\86186\Desktop\VisualSFM_windows_cuda_64bit\最终数据\广角数据\3+4\1-36\sofa (30).jpg
429.562530518
323.779724121 244.005172729
0.254721183005 -0.427529738129 -0.194491187558
-0.272508424887 -0.15197679546 0.433743665047
-1.41204219646 -0.0120567364438 -0.134181858851
0.758865383434 -0.648303512286 -0.00553554603596 -0.0616062116249
0.99234816043 0.100679096962 0.0714775572724
-0.0863241886647 0.151814601525 0.984632169888
0.0882804943328 -0.983268203843 0.159343918745
0
0 0 0

00000033.jpg
C:\Users\86186\Desktop\VisualSFM_windows_cuda_64bit\最终数据\广角数据\3+4\1-36\sofa (31).jpg
429.562530518
323.779724121 244.005172729
0.518718123385 -0.255071857582 -0.194604924272
-0.499171541044 -0.214569822156 0.277107307719
-1.39711458558 -0.0789528349319 -0.118433580974
0.763440495905 -0.64255233902 -0.0363115017776 -0.0544692434386
0.991429625761 0.129832133905 0.0145553311359
-0.0365039709842 0.168319594936 0.985056734628
0.125442014832 -0.977145170755 0.171616342451
0
0 0 0

00000034.jpg
C:\Users\86186\Desktop\VisualSFM_windows_cuda_64bit\最终数据\广角数据\3+4\1-36\sofa (22).jpg
429.562530518
323.779724121 244.005172729
-1.12031019816 -0.833364585738 -0.340117996449
1.10499226099 0 0.918838296974
-1.40908574263 -0.0985620911429 -0.179227267173
0.757104473727 -0.646517960163 -0.0452223453742 -0.0822332124104
0.98238524786 0.182992394089 0.0378544321422
-0.0660441379301 0.150504503273 0.986400817226
0.174806592123 -0.971525742712 0.159938985419
0
0 0 0

00000035.jpg
C:\Users\86186\Desktop\VisualSFM_windows_cuda_64bit\最终数据\广角数据\3+4\1-36\sofa (20).jpg
429.562530518
323.779724121 244.005172729
-1.28726147889 -0.839877844856 -0.386275714712
1.29254700121 0.0112958865914 0.916973746088
-1.39563144849 -0.119725130156 -0.173027912239
0.761156575576 -0.641320550336 -0.0550160907047 -0.079509784636
0.981302788917 0.19160468453 0.0182307913135
-0.050472897063 0.164772229438 0.985039312232
0.185734228123 -0.967542103529 0.171362311815
0
0 0 0

